         1          1          0
         1          1          1
         1          1          2
         1          1          4
         1          1          5
         1          1          6
         1          1          8
         1          1          9
         1          1         11
         1          1         14
         1          1         16
         1          1         18
         1          1         19
         1          1         20
         1          1         21
         1          1         24
         1          1         28
         1          1         30
         1          1         31
         1          1         34
         1          1         44
         1          1         46
         1          1         48
         1          1         49
         2          2          3
         2          2          4
         2          2          6
         2          2         11
         2          2         13
         2          2         14
         2          2         15
         2          2         16
         2          2         18
         2          2         19
         2          2         22
         2          2         23
         2          2         24
         2          2         25
         2          2         26
         2          2         29
         2          2         30
         2          2         41
         2          2         43
         2          2         44
         2          2         48
         2          2         49
         3          3          1
         3          3          2
         3          3          5
         3          3          6
         3          3          8
         3          3         11
         3          3         14
         3          3         16
         3          3         18
         3          3         19
         3          3         25
         3          3         30
         3          3         31
         3          3         35
         3          3         39
         3          3         41
         3          3         42
         3          3         46
         3          3         48
         4          4          0
         4          4          1
         4          4          4
         4          4          5
         4          4          8
         4          4          9
         4          4         10
         4          4         12
         4          4         14
         4          4         15
         4          4         19
         4          4         22
         4          4         24
         4          4         26
         4          4         32
         4          4         37
         4          4         42
         4          4         44
         4          4         46
         4          4         48
         5          5          0
         5          5          1
         5          5          2
         5          5          4
         5          5         12
         5          5         13
         5          5         14
         5          5         18
         5          5         19
         5          5         20
         5          5         21
         5          5         26
         5          5         28
         5          5         32
         5          5         34
         5          5         35
         5          5         38
         5          5         41
         5          5         42
         5          5         46
         5          5         47
         5          5         49
         6          6          0
         6          6          1
         6          6          2
         6          6         10
         6          6         11
         6          6         12
         6          6         14
         6          6         20
         6          6         26
         6          6         28
         6          6         30
         6          6         32
         6          6         34
         6          6         37
         6          6         39
         6          6         43
         6          6         44
         6          6         46
         6          6         47
         6          6         48
         6          6         49
         7          7          1
         7          7          2
         7          7          5
         7          7         10
         7          7         11
         7          7         13
         7          7         14
         7          7         16
         7          7         18
         7          7         19
         7          7         21
         7          7         23
         7          7         26
         7          7         30
         7          7         34
         7          7         37
         7          7         39
         7          7         42
         7          7         44
         7          7         46
         7          7         48
         7          7         49
         8          8          0
         8          8          1
         8          8          3
         8          8          4
         8          8          7
         8          8         11
         8          8         12
         8          8         14
         8          8         16
         8          8         18
         8          8         23
         8          8         25
         8          8         26
         8          8         30
         8          8         31
         8          8         32
         8          8         33
         8          8         34
         8          8         37
         8          8         39
         8          8         41
         8          8         42
         8          8         43
         8          8         44
         8          8         45
         8          8         46
         8          8         48
         9          9          1
         9          9          2
         9          9          3
         9          9          4
         9          9         11
         9          9         14
         9          9         20
         9          9         24
         9          9         28
         9          9         30
         9          9         33
         9          9         34
         9          9         37
         9          9         39
         9          9         44
         9          9         47
        10         10          1
        10         10          6
        10         10          7
        10         10         13
        10         10         14
        10         10         16
        10         10         18
        10         10         19
        10         10         23
        10         10         29
        10         10         30
        10         10         32
        10         10         34
        10         10         35
        10         10         37
        10         10         38
        10         10         42
        10         10         49
        11         11          0
        11         11          2
        11         11          4
        11         11          6
        11         11         11
        11         11         13
        11         11         14
        11         11         18
        11         11         19
        11         11         21
        11         11         28
        11         11         30
        11         11         31
        11         11         32
        11         11         34
        11         11         44
        12         12          2
        12         12          4
        12         12          5
        12         12          6
        12         12         10
        12         12         11
        12         12         14
        12         12         16
        12         12         18
        12         12         21
        12         12         25
        12         12         26
        12         12         29
        12         12         31
        12         12         33
        12         12         34
        12         12         49
        13         13          1
        13         13          5
        13         13         12
        13         13         14
        13         13         15
        13         13         18
        13         13         19
        13         13         20
        13         13         22
        13         13         24
        13         13         30
        13         13         34
        13         13         38
        13         13         46
        14         14          0
        14         14          1
        14         14          3
        14         14          4
        14         14          6
        14         14         12
        14         14         14
        14         14         18
        14         14         19
        14         14         26
        14         14         30
        14         14         33
        14         14         34
        14         14         35
        14         14         38
        14         14         39
        14         14         41
        14         14         48
        15         15          0
        15         15          1
        15         15          2
        15         15          6
        15         15         14
        15         15         16
        15         15         20
        15         15         29
        15         15         30
        15         15         34
        15         15         39
        15         15         41
        15         15         42
        15         15         44
        15         15         46
        16         16          1
        16         16          2
        16         16          6
        16         16         18
        16         16         26
        16         16         28
        16         16         30
        16         16         33
        16         16         34
        16         16         37
        16         16         44
        16         16         46
        17         17          1
        17         17          7
        17         17         12
        17         17         14
        17         17         16
        17         17         18
        17         17         19
        17         17         26
        17         17         28
        17         17         30
        17         17         32
        17         17         34
        17         17         37
        17         17         38
        17         17         42
        17         17         46
        17         17         48
        17         17         49
        18         18          0
        18         18          1
        18         18          2
        18         18          5
        18         18          6
        18         18          8
        18         18         12
        18         18         14
        18         18         15
        18         18         16
        18         18         18
        18         18         20
        18         18         21
        18         18         22
        18         18         26
        18         18         30
        18         18         31
        18         18         32
        18         18         34
        18         18         41
        18         18         47
        18         18         48
        19         19          2
        19         19          4
        19         19          6
        19         19         16
        19         19         18
        19         19         21
        19         19         26
        19         19         32
        19         19         33
        19         19         34
        19         19         39
        19         19         42
        19         19         43
        19         19         46
        19         19         47
        19         19         48
        20         20          0
        20         20          1
        20         20          4
        20         20          5
        20         20          6
        20         20         10
        20         20         11
        20         20         13
        20         20         14
        20         20         15
        20         20         16
        20         20         18
        20         20         19
        20         20         21
        20         20         24
        20         20         26
        20         20         30
        20         20         34
        20         20         37
        20         20         38
        20         20         39
        20         20         42
        20         20         44
        20         20         46
        20         20         48
        21         21          1
        21         21          4
        21         21          6
        21         21         11
        21         21         12
        21         21         14
        21         21         16
        21         21         18
        21         21         19
        21         21         20
        21         21         21
        21         21         24
        21         21         28
        21         21         30
        21         21         31
        21         21         32
        21         21         34
        21         21         37
        21         21         38
        21         21         42
        21         21         43
        21         21         44
        21         21         48
        21         21         49
        22         22          0
        22         22          2
        22         22          6
        22         22         11
        22         22         12
        22         22         14
        22         22         15
        22         22         18
        22         22         19
        22         22         22
        22         22         26
        22         22         29
        22         22         30
        22         22         46
        23         23          0
        23         23          1
        23         23          4
        23         23          6
        23         23          9
        23         23         12
        23         23         14
        23         23         15
        23         23         16
        23         23         18
        23         23         19
        23         23         20
        23         23         33
        23         23         34
        23         23         37
        23         23         39
        23         23         43
        23         23         44
        23         23         48
        24         24          0
        24         24          2
        24         24          3
        24         24          6
        24         24          8
        24         24         11
        24         24         14
        24         24         16
        24         24         18
        24         24         20
        24         24         21
        24         24         22
        24         24         26
        24         24         28
        24         24         30
        24         24         32
        24         24         34
        24         24         35
        24         24         38
        24         24         39
        24         24         41
        24         24         44
        24         24         47
        24         24         48
        24         24         49
        25         25          1
        25         25          3
        25         25          6
        25         25         10
        25         25         12
        25         25         14
        25         25         15
        25         25         16
        25         25         20
        25         25         21
        25         25         34
        25         25         35
        25         25         38
        25         25         41
        26         26          0
        26         26          1
        26         26          5
        26         26          6
        26         26         12
        26         26         14
        26         26         15
        26         26         16
        26         26         18
        26         26         20
        26         26         21
        26         26         26
        26         26         28
        26         26         30
        26         26         32
        26         26         34
        26         26         39
        26         26         42
        26         26         44
        26         26         46
        26         26         47
        26         26         48
        27         27          0
        27         27          1
        27         27          3
        27         27          4
        27         27          6
        27         27         12
        27         27         14
        27         27         15
        27         27         16
        27         27         18
        27         27         19
        27         27         29
        27         27         30
        27         27         33
        27         27         37
        27         27         39
        27         27         44
        27         27         46
        28         28          1
        28         28          6
        28         28          8
        28         28         11
        28         28         12
        28         28         15
        28         28         18
        28         28         19
        28         28         21
        28         28         25
        28         28         26
        28         28         29
        28         28         32
        28         28         34
        28         28         37
        28         28         39
        28         28         41
        28         28         47
        29         29          5
        29         29         14
        29         29         15
        29         29         18
        29         29         19
        29         29         23
        29         29         29
        29         29         30
        29         29         32
        29         29         34
        29         29         37
        29         29         41
        29         29         46
        29         29         47
        30         30          1
        30         30          3
        30         30         12
        30         30         18
        30         30         19
        30         30         21
        30         30         24
        30         30         28
        30         30         34
        30         30         39
        30         30         47
        30         30         49
        31         31          0
        31         31          1
        31         31          4
        31         31          5
        31         31          6
        31         31          8
        31         31         11
        31         31         12
        31         31         14
        31         31         15
        31         31         16
        31         31         18
        31         31         19
        31         31         24
        31         31         26
        31         31         28
        31         31         29
        31         31         32
        31         31         33
        31         31         34
        31         31         37
        31         31         42
        31         31         46
        31         31         47
        31         31         48
        31         31         49
        32         32          0
        32         32          1
        32         32          2
        32         32          3
        32         32          4
        32         32          6
        32         32          8
        32         32         14
        32         32         18
        32         32         19
        32         32         25
        32         32         26
        32         32         28
        32         32         30
        32         32         32
        32         32         34
        32         32         35
        32         32         38
        32         32         42
        32         32         44
        32         32         46
        33         33          0
        33         33          1
        33         33          2
        33         33         12
        33         33         16
        33         33         19
        33         33         24
        33         33         26
        33         33         34
        33         33         35
        33         33         39
        33         33         48
        33         33         49
        34         34          0
        34         34          1
        34         34          2
        34         34          6
        34         34         13
        34         34         14
        34         34         15
        34         34         16
        34         34         19
        34         34         20
        34         34         21
        34         34         28
        34         34         30
        34         34         39
        34         34         42
        34         34         43
        34         34         44
        35         35          1
        35         35          2
        35         35          5
        35         35         11
        35         35         14
        35         35         15
        35         35         16
        35         35         18
        35         35         31
        35         35         32
        35         35         34
        35         35         35
        35         35         38
        35         35         43
        35         35         44
        35         35         46
        35         35         48
        35         35         49
        36         36          0
        36         36          2
        36         36         14
        36         36         15
        36         36         16
        36         36         18
        36         36         21
        36         36         30
        36         36         34
        36         36         37
        36         36         38
        36         36         39
        36         36         41
        36         36         44
        36         36         46
        36         36         48
        36         36         49
        37         37          0
        37         37          1
        37         37          8
        37         37         13
        37         37         18
        37         37         19
        37         37         29
        37         37         30
        37         37         33
        37         37         34
        37         37         35
        37         37         42
        37         37         43
        37         37         44
        37         37         48
        38         38          0
        38         38          1
        38         38          2
        38         38          3
        38         38          6
        38         38          7
        38         38          9
        38         38         14
        38         38         15
        38         38         16
        38         38         18
        38         38         19
        38         38         20
        38         38         22
        38         38         26
        38         38         29
        38         38         34
        38         38         43
        38         38         47
        38         38         48
        39         39          1
        39         39          3
        39         39          4
        39         39         15
        39         39         18
        39         39         19
        39         39         26
        39         39         29
        39         39         30
        39         39         33
        39         39         34
        39         39         35
        39         39         36
        39         39         39
        39         39         44
        39         39         46
        40         40          1
        40         40          5
        40         40         12
        40         40         16
        40         40         18
        40         40         20
        40         40         22
        40         40         30
        40         40         35
        40         40         38
        40         40         41
        40         40         43
        40         40         44
        40         40         46
        40         40         47
        40         40         48
        40         40         49
        41         41          0
        41         41          1
        41         41          2
        41         41         13
        41         41         14
        41         41         15
        41         41         16
        41         41         18
        41         41         19
        41         41         21
        41         41         29
        41         41         30
        41         41         32
        41         41         38
        41         41         39
        41         41         48
        42         42          0
        42         42          1
        42         42          2
        42         42          4
        42         42          5
        42         42          6
        42         42          8
        42         42         11
        42         42         14
        42         42         16
        42         42         17
        42         42         18
        42         42         19
        42         42         24
        42         42         32
        42         42         33
        42         42         34
        42         42         37
        42         42         38
        42         42         39
        42         42         41
        42         42         42
        42         42         44
        42         42         46
        42         42         48
        42         42         49
        43         43          3
        43         43          6
        43         43         10
        43         43         11
        43         43         14
        43         43         15
        43         43         18
        43         43         19
        43         43         26
        43         43         28
        43         43         30
        43         43         31
        43         43         32
        43         43         34
        43         43         35
        43         43         36
        43         43         37
        43         43         39
        43         43         44
        43         43         48
        44         44          0
        44         44          2
        44         44          4
        44         44          6
        44         44         14
        44         44         15
        44         44         16
        44         44         19
        44         44         26
        44         44         30
        44         44         32
        44         44         34
        44         44         39
        44         44         40
        44         44         44
        45         45          0
        45         45          1
        45         45          5
        45         45          6
        45         45          9
        45         45         11
        45         45         15
        45         45         18
        45         45         21
        45         45         26
        45         45         30
        45         45         31
        45         45         32
        45         45         34
        45         45         37
        45         45         38
        45         45         39
        45         45         42
        45         45         44
        45         45         45
        45         45         46
        45         45         48
        46         46          4
        46         46          5
        46         46          6
        46         46         12
        46         46         14
        46         46         15
        46         46         16
        46         46         19
        46         46         20
        46         46         30
        46         46         32
        46         46         37
        46         46         42
        46         46         46
        46         46         48
        47         47          0
        47         47          2
        47         47          4
        47         47          5
        47         47         12
        47         47         14
        47         47         18
        47         47         20
        47         47         21
        47         47         22
        47         47         30
        47         47         32
        47         47         34
        47         47         35
        47         47         42
        47         47         46
        47         47         48
        48         48          0
        48         48          1
        48         48          3
        48         48          4
        48         48          6
        48         48          8
        48         48         12
        48         48         14
        48         48         15
        48         48         16
        48         48         18
        48         48         19
        48         48         26
        48         48         29
        48         48         31
        48         48         34
        48         48         37
        48         48         39
        48         48         44
        48         48         46
        48         48         47
        48         48         48
        48         48         49
        49         49          2
        49         49          3
        49         49          4
        49         49          5
        49         49          6
        49         49         11
        49         49         14
        49         49         15
        49         49         16
        49         49         18
        49         49         19
        49         49         26
        49         49         28
        49         49         29
        49         49         30
        49         49         32
        49         49         37
        49         49         46
        50         50          1
        50         50          4
        50         50          5
        50         50          6
        50         50         11
        50         50         16
        50         50         20
        50         50         25
        50         50         26
        50         50         30
        50         50         38
        50         50         39
        50         50         42
        50         50         46
        50         50         48
        50         50         49
        51         51          0
        51         51          1
        51         51          4
        51         51          5
        51         51          6
        51         51          8
        51         51         11
        51         51         12
        51         51         14
        51         51         16
        51         51         18
        51         51         19
        51         51         26
        51         51         28
        51         51         29
        51         51         30
        51         51         31
        51         51         32
        51         51         34
        51         51         35
        51         51         37
        51         51         38
        51         51         39
        51         51         42
        51         51         43
        51         51         44
        51         51         45
        51         51         46
        51         51         48
        51         51         49
        52         52          1
        52         52          2
        52         52          3
        52         52          4
        52         52          5
        52         52         11
        52         52         12
        52         52         15
        52         52         16
        52         52         18
        52         52         19
        52         52         20
        52         52         21
        52         52         26
        52         52         29
        52         52         31
        52         52         32
        52         52         34
        52         52         35
        52         52         37
        52         52         39
        52         52         43
        52         52         44
        52         52         46
        52         52         48
        52         52         49
        53         53          0
        53         53         11
        53         53         14
        53         53         16
        53         53         18
        53         53         19
        53         53         21
        53         53         24
        53         53         30
        53         53         33
        53         53         34
        53         53         35
        53         53         43
        53         53         48
        53         53         49
        54         54          1
        54         54          2
        54         54          3
        54         54          4
        54         54          5
        54         54          6
        54         54         12
        54         54         15
        54         54         18
        54         54         19
        54         54         26
        54         54         28
        54         54         30
        54         54         32
        54         54         34
        54         54         35
        54         54         38
        54         54         43
        54         54         45
        54         54         46
        54         54         47
        54         54         49
        55         55          1
        55         55          4
        55         55          6
        55         55          8
        55         55         13
        55         55         14
        55         55         16
        55         55         19
        55         55         24
        55         55         28
        55         55         30
        55         55         37
        55         55         38
        55         55         41
        55         55         48
        55         55         49
        56         56          0
        56         56          1
        56         56          4
        56         56         11
        56         56         14
        56         56         15
        56         56         16
        56         56         18
        56         56         21
        56         56         22
        56         56         23
        56         56         26
        56         56         28
        56         56         34
        56         56         35
        56         56         36
        56         56         37
        56         56         39
        56         56         44
        56         56         48
        57         57          2
        57         57          4
        57         57          9
        57         57         11
        57         57         12
        57         57         13
        57         57         14
        57         57         15
        57         57         16
        57         57         18
        57         57         19
        57         57         20
        57         57         23
        57         57         24
        57         57         26
        57         57         28
        57         57         30
        57         57         34
        57         57         35
        57         57         37
        57         57         38
        57         57         42
        57         57         44
        57         57         46
        57         57         48
        58         58          1
        58         58          2
        58         58          6
        58         58          8
        58         58         12
        58         58         14
        58         58         15
        58         58         16
        58         58         18
        58         58         20
        58         58         26
        58         58         28
        58         58         29
        58         58         30
        58         58         32
        58         58         33
        58         58         36
        58         58         38
        58         58         42
        58         58         44
        58         58         48
        59         59          2
        59         59          4
        59         59          6
        59         59         14
        59         59         16
        59         59         18
        59         59         19
        59         59         20
        59         59         21
        59         59         24
        59         59         26
        59         59         32
        59         59         33
        59         59         34
        59         59         36
        59         59         37
        59         59         38
        59         59         39
        59         59         41
        59         59         44
        59         59         48
        59         59         49
        60         60          0
        60         60          5
        60         60          6
        60         60         14
        60         60         18
        60         60         19
        60         60         26
        60         60         30
        60         60         34
        60         60         37
        60         60         41
        60         60         42
        60         60         44
        60         60         46
        60         60         47
        60         60         48
        61         61          4
        61         61          5
        61         61          9
        61         61         12
        61         61         13
        61         61         21
        61         61         26
        61         61         30
        61         61         33
        61         61         34
        61         61         35
        61         61         41
        61         61         47
        61         61         48
        62         62          0
        62         62          1
        62         62          2
        62         62          3
        62         62          6
        62         62          8
        62         62         13
        62         62         14
        62         62         15
        62         62         16
        62         62         18
        62         62         19
        62         62         20
        62         62         29
        62         62         30
        62         62         32
        62         62         34
        62         62         44
        62         62         46
        62         62         47
        62         62         48
        63         63          1
        63         63          6
        63         63          9
        63         63         12
        63         63         14
        63         63         16
        63         63         18
        63         63         19
        63         63         20
        63         63         21
        63         63         24
        63         63         28
        63         63         30
        63         63         32
        63         63         34
        63         63         39
        63         63         45
        63         63         46
        63         63         49
        64         64          1
        64         64          2
        64         64          6
        64         64         12
        64         64         14
        64         64         15
        64         64         16
        64         64         18
        64         64         19
        64         64         20
        64         64         24
        64         64         29
        64         64         34
        64         64         41
        64         64         43
        64         64         48
        65         65          0
        65         65          1
        65         65          3
        65         65          4
        65         65          5
        65         65          6
        65         65         10
        65         65         11
        65         65         13
        65         65         14
        65         65         16
        65         65         18
        65         65         21
        65         65         28
        65         65         29
        65         65         30
        65         65         39
        65         65         41
        65         65         44
        65         65         46
        65         65         48
        66         66          1
        66         66         12
        66         66         15
        66         66         16
        66         66         18
        66         66         19
        66         66         21
        66         66         28
        66         66         30
        66         66         34
        66         66         43
        66         66         49
        67         67          1
        67         67          2
        67         67          4
        67         67          5
        67         67          6
        67         67          8
        67         67         11
        67         67         12
        67         67         14
        67         67         16
        67         67         18
        67         67         19
        67         67         20
        67         67         21
        67         67         24
        67         67         26
        67         67         28
        67         67         30
        67         67         32
        67         67         34
        67         67         35
        67         67         43
        67         67         44
        67         67         46
        67         67         47
        67         67         48
        67         67         49
        68         68          0
        68         68          6
        68         68         12
        68         68         14
        68         68         16
        68         68         30
        68         68         44
        69         69          1
        69         69          4
        69         69          5
        69         69          6
        69         69         12
        69         69         13
        69         69         14
        69         69         16
        69         69         18
        69         69         23
        69         69         24
        69         69         26
        69         69         28
        69         69         32
        69         69         33
        69         69         42
        69         69         43
        69         69         44
        69         69         46
        69         69         48
        69         69         49
        70         70          1
        70         70          3
        70         70          5
        70         70         13
        70         70         14
        70         70         16
        70         70         18
        70         70         19
        70         70         24
        70         70         26
        70         70         30
        70         70         32
        70         70         33
        70         70         34
        70         70         43
        70         70         44
        70         70         46
        70         70         47
        70         70         48
        70         70         49
        71         71          0
        71         71          1
        71         71          2
        71         71          4
        71         71          5
        71         71         12
        71         71         14
        71         71         18
        71         71         26
        71         71         28
        71         71         29
        71         71         30
        71         71         34
        71         71         35
        71         71         39
        71         71         41
        71         71         43
        71         71         44
        71         71         46
        71         71         48
        71         71         49
        72         72          0
        72         72          1
        72         72          6
        72         72          8
        72         72         11
        72         72         16
        72         72         19
        72         72         21
        72         72         29
        72         72         39
        72         72         41
        72         72         42
        73         73          3
        73         73          6
        73         73         14
        73         73         15
        73         73         16
        73         73         18
        73         73         19
        73         73         21
        73         73         23
        73         73         26
        73         73         29
        73         73         30
        73         73         34
        73         73         35
        73         73         41
        73         73         45
        73         73         47
        73         73         48
        74         74          4
        74         74         10
        74         74         15
        74         74         16
        74         74         18
        74         74         19
        74         74         26
        74         74         31
        74         74         33
        74         74         34
        74         74         39
        74         74         47
        74         74         48
        74         74         49
        75         75          6
        75         75         11
        75         75         14
        75         75         15
        75         75         18
        75         75         19
        75         75         21
        75         75         26
        75         75         30
        75         75         32
        75         75         33
        75         75         34
        75         75         35
        75         75         44
        75         75         46
        76         76          1
        76         76          2
        76         76          6
        76         76         11
        76         76         14
        76         76         15
        76         76         16
        76         76         18
        76         76         19
        76         76         20
        76         76         26
        76         76         30
        76         76         34
        76         76         35
        76         76         43
        76         76         44
        76         76         46
        76         76         48
        76         76         49
        77         77          3
        77         77         15
        77         77         16
        77         77         18
        77         77         19
        77         77         24
        77         77         26
        77         77         29
        77         77         30
        77         77         32
        77         77         34
        77         77         39
        77         77         41
        77         77         44
        77         77         46
        77         77         47
        77         77         48
        77         77         49
        78         78          5
        78         78          6
        78         78          8
        78         78         11
        78         78         15
        78         78         16
        78         78         18
        78         78         22
        78         78         25
        78         78         26
        78         78         29
        78         78         30
        78         78         32
        78         78         34
        78         78         36
        78         78         37
        78         78         38
        78         78         44
        79         79          1
        79         79         12
        79         79         14
        79         79         15
        79         79         16
        79         79         18
        79         79         25
        79         79         29
        79         79         30
        79         79         31
        79         79         32
        79         79         35
        79         79         37
        79         79         38
        79         79         41
        79         79         48
        79         79         49
        80         80          0
        80         80          1
        80         80          5
        80         80          6
        80         80         11
        80         80         12
        80         80         14
        80         80         15
        80         80         16
        80         80         18
        80         80         19
        80         80         20
        80         80         21
        80         80         23
        80         80         24
        80         80         26
        80         80         30
        80         80         31
        80         80         33
        80         80         34
        80         80         39
        80         80         43
        80         80         46
        80         80         47
        80         80         48
        80         80         49
        81         81          1
        81         81          5
        81         81         12
        81         81         13
        81         81         14
        81         81         18
        81         81         19
        81         81         20
        81         81         26
        81         81         29
        81         81         30
        81         81         34
        81         81         37
        81         81         41
        81         81         42
        81         81         48
        81         81         49
        82         82          0
        82         82          1
        82         82          2
        82         82          4
        82         82          6
        82         82         12
        82         82         13
        82         82         14
        82         82         18
        82         82         19
        82         82         21
        82         82         23
        82         82         28
        82         82         29
        82         82         30
        82         82         32
        82         82         33
        82         82         34
        82         82         42
        82         82         48
        83         83          2
        83         83          3
        83         83          4
        83         83          6
        83         83         12
        83         83         14
        83         83         16
        83         83         20
        83         83         21
        83         83         22
        83         83         24
        83         83         25
        83         83         28
        83         83         30
        83         83         32
        83         83         34
        83         83         38
        83         83         43
        83         83         44
        83         83         46
        83         83         48
        83         83         49
        84         84          0
        84         84          6
        84         84         10
        84         84         12
        84         84         14
        84         84         15
        84         84         16
        84         84         18
        84         84         20
        84         84         26
        84         84         28
        84         84         30
        84         84         32
        84         84         35
        84         84         46
        84         84         48
        84         84         49
        85         85          0
        85         85          1
        85         85          6
        85         85         12
        85         85         13
        85         85         14
        85         85         19
        85         85         29
        85         85         32
        85         85         33
        85         85         43
        85         85         44
        85         85         46
        85         85         47
        85         85         48
        86         86          0
        86         86          6
        86         86         14
        86         86         16
        86         86         19
        86         86         21
        86         86         28
        86         86         29
        86         86         36
        86         86         38
        86         86         39
        86         86         44
        86         86         46
        86         86         48
        87         87          4
        87         87         14
        87         87         15
        87         87         18
        87         87         19
        87         87         20
        87         87         23
        87         87         26
        87         87         28
        87         87         34
        87         87         37
        87         87         43
        87         87         48
        88         88          0
        88         88          1
        88         88          2
        88         88          4
        88         88          6
        88         88          7
        88         88         10
        88         88         12
        88         88         14
        88         88         16
        88         88         18
        88         88         19
        88         88         20
        88         88         22
        88         88         24
        88         88         26
        88         88         28
        88         88         30
        88         88         32
        88         88         38
        88         88         39
        88         88         43
        88         88         44
        88         88         47
        88         88         48
        88         88         49
        89         89          0
        89         89          1
        89         89          2
        89         89          3
        89         89          4
        89         89          6
        89         89         14
        89         89         15
        89         89         18
        89         89         19
        89         89         29
        89         89         30
        89         89         35
        89         89         39
        89         89         42
        89         89         46
        89         89         48
        90         90          1
        90         90          2
        90         90          4
        90         90          5
        90         90          6
        90         90         10
        90         90         12
        90         90         15
        90         90         18
        90         90         20
        90         90         21
        90         90         30
        90         90         32
        90         90         39
        90         90         41
        90         90         44
        90         90         46
        91         91          1
        91         91          3
        91         91         11
        91         91         12
        91         91         14
        91         91         15
        91         91         16
        91         91         18
        91         91         19
        91         91         24
        91         91         26
        91         91         28
        91         91         29
        91         91         33
        91         91         34
        91         91         39
        91         91         42
        91         91         44
        91         91         46
        91         91         47
        91         91         48
        92         92          0
        92         92          2
        92         92          4
        92         92          5
        92         92          6
        92         92         10
        92         92         12
        92         92         14
        92         92         15
        92         92         16
        92         92         19
        92         92         23
        92         92         24
        92         92         26
        92         92         28
        92         92         29
        92         92         30
        92         92         32
        92         92         34
        92         92         37
        92         92         41
        92         92         42
        92         92         46
        93         93          1
        93         93          8
        93         93         14
        93         93         16
        93         93         18
        93         93         19
        93         93         20
        93         93         23
        93         93         29
        93         93         32
        93         93         38
        93         93         39
        93         93         42
        93         93         44
        93         93         46
        93         93         48
        94         94          0
        94         94          1
        94         94          4
        94         94         16
        94         94         18
        94         94         19
        94         94         20
        94         94         21
        94         94         31
        94         94         38
        94         94         46
        95         95          1
        95         95          4
        95         95         12
        95         95         14
        95         95         16
        95         95         18
        95         95         26
        95         95         45
        96         96          3
        96         96          4
        96         96          6
        96         96         13
        96         96         16
        96         96         18
        96         96         19
        96         96         24
        96         96         26
        96         96         30
        96         96         32
        96         96         34
        96         96         35
        96         96         38
        96         96         39
        96         96         42
        96         96         44
        96         96         47
        97         97          5
        97         97         16
        97         97         18
        97         97         26
        97         97         30
        97         97         32
        97         97         33
        97         97         36
        97         97         37
        97         97         40
        97         97         48
        97         97         49
        98         98          1
        98         98          6
        98         98          8
        98         98          9
        98         98         10
        98         98         13
        98         98         16
        98         98         18
        98         98         19
        98         98         20
        98         98         21
        98         98         23
        98         98         24
        98         98         28
        98         98         29
        98         98         30
        98         98         34
        98         98         38
        98         98         39
        98         98         43
        98         98         47
        98         98         48
        98         98         49
        99         99          0
        99         99          4
        99         99          5
        99         99          6
        99         99         10
        99         99         11
        99         99         12
        99         99         13
        99         99         14
        99         99         15
        99         99         18
        99         99         20
        99         99         24
        99         99         25
        99         99         26
        99         99         28
        99         99         29
        99         99         30
        99         99         33
        99         99         39
        99         99         41
        99         99         43
        99         99         44
        99         99         48
       100        100         11
       100        100         12
       100        100         20
       100        100         21
       100        100         22
       100        100         34
       100        100         39
       100        100         47
       100        100         49
