Number of transactions in database = 100
Average transaction length = 20
Number of items = 50
Large Itemsets:
	Number of patterns = 10000
	Average length of pattern = 4
	Correlation between consecutive patterns = 0.25
	Average confidence in a rule = 0.75
	Variation in the confidence = 0.1

Items:

ItemSets:
  12.7  0.624  16 23 1 29 20 38 39
  1.03  0.743  14 26 6
   2.5    0.8  26 42 48
  3.31  0.687  37 32
  1.31  0.982  26 39 49
  2.74  0.899  2 16
  1.19   0.73  44 44 42 14
  1.07  0.866  14 44 31 21 32
  1.26  0.776  30
  1.68  0.837  26 12
  4.77  0.931  30 46 34
  2.05  0.812  30 29 48 30
  3.34  0.735  46 16 18 42
  1.12   0.77  26 34 32 29 34
  3.48  0.735  30 12 34 15 1 41 26 46 28 6
  1.14  0.481  30
   1.3  0.632  14 6 12 34
  1.25  0.726  1 31 24 29
  1.58   0.72  39
  1.35  0.729  32 30 6 30 14
  2.12  0.773  1 18 19 16
  1.49  0.862  48 18 19 6
   2.6  0.672  16 1
  1.13  0.543  11 47 44 28 11
  3.71  0.745  19 33 18 1 1 16
  3.32  0.618  18 8 30 12 20 12 18
  5.21  0.653  18 12 16 32 18 1
  2.14  0.659  21 18 48 28
     2  0.674  18 5 49
  3.26  0.661  30 23 35 34
  3.45  0.815  13 31 21 0
  4.68  0.767  35
  1.56  0.606  48 31 25 30 12
  1.01  0.805  6 24 18 28 19
  2.03  0.628  6 30 2 14
  1.74   0.87  30 2 16 34
  1.05  0.686  12 21
  1.79  0.821  34 32 1 16 11 1 26
  1.15  0.609  39 39 46 15
  2.08  0.792  29 34 19 10 34 37 1
  1.58  0.748  32 44
  3.24  0.675  30 35 6 49 21
  2.86  0.784  23 39 14 28 18
  1.14  0.727  28 18 46 12 15
   2.1  0.815  6 19 11 14 12
  1.91  0.805  18 49 19 46 30
  3.98  0.842  44 18
  1.06  0.772  46 21
  1.78   0.63  19 16 24 14 26 23 26
  2.26  0.818  41 14 14 2 1
  1.68  0.751  4 49 6 25
  1.88  0.871  49 30 26 14 19
  1.84  0.698  16 44 30 13 2 6 6 29 32
  1.28  0.765  46 42
  2.24  0.587  46 30 14 18
  1.25  0.695  11 44 12 10 18 2
  1.16  0.785  6 32 44 49
  2.28  0.667  16 44 48 29 29 14 2 3
  1.19  0.703  18 16 11
  1.73  0.864  16 16 38
  1.42  0.675  10 6 28 18 15
  2.22  0.962  48 2
  1.42  0.767  14 37 11
  1.18  0.898  37 39 31 31 5
  1.41  0.701  19 19 14
  1.37  0.789  34
  2.44  0.845  4 35 11 1 48
  3.96  0.853  46 34
  2.24  0.854  26 41 34 1
  1.32  0.748  32 38 46 18
  4.85  0.773  32 38 11 44 6
  1.08  0.753  23 14
  3.94   0.81  23 14 33 48 14
  1.71  0.675  21 1 11 18
  1.72  0.738  16 42
  1.72    0.7  34
  2.66  0.771  34 13 47
  2.45  0.679  12 14 26 4 6 1
  2.26  0.565  14 1 45 10 3 10
  3.28  0.722  1 21 18 23 14 12
  2.24  0.812  33 6 49 39 14 29 31
  1.05  0.881  29 45 21 35 44
  1.08  0.753  14 34 14 34 2 23
  1.54  0.659  48 32
  1.74  0.818  15 48 14
  1.06  0.812  12 6 1 21
   1.3  0.868  0 44 6 21 30 20 16 21 28
  1.43  0.654  30 6 13
  3.49  0.677  31 19 14
  1.26  0.886  14 30 18
  2.07  0.644  18 44 26
  1.02   0.67  18 44 26 32 1
  3.58  0.761  18 44 26 32 1 1 24
  1.24  0.861  19 5 47 43
  1.54  0.778  47 43 35 1 38 25 1
  3.18  0.837  1 18 26
  2.51  0.669  18 43 39 42
  2.23  0.498  44 3 38 20
  3.41  0.679  48 19 30 30
  2.54  0.772  30 20 46 16 1 11
  1.57  0.833  12 26 38 34 38
  2.02   0.73  39 37 44 10 18
  1.11  0.832  21 16 0
  1.34  0.638  21 16 0 21
   1.5  0.748  16 46 12 48 43 30
  1.23  0.902  34 30 18 16 19 12 43
  2.34   0.74  16 12 43 16
  1.88   1.03  43 16 2
  1.51  0.674  14 23 8
   3.2  0.766  11 42
  4.06  0.908  34 28 6
  1.95  0.616  6 19 32 5
  1.45  0.539  18 47 21 4
  4.74  0.851  18 30 14 16 26 32 14 18
  2.06  0.681  30 30 19 26 43
  1.42   0.63  1
  1.38  0.635  5 29
  1.29  0.877  18 49 16
  2.36  0.738  10 47 32 38
  2.06  0.661  39 28 49
  1.36  0.691  35 6 47 7 3 34
  1.37  0.703  49
  3.18  0.896  47 10 14 26
  3.02  0.804  42
  1.43  0.772  44 24 1
  1.96  0.959  1 37 30 4 44
  1.32  0.883  18 49 23
  2.09  0.655  45 20
  2.14  0.887  20 8 30
  3.55  0.776  8 49 33
  1.12   0.64  12 4 48
  2.28  0.641  32 1 14 32
  1.36  0.601  4 31 1 6 1 6
  2.77  0.757  1 6 6
  3.19  0.742  2 14 1 14
  2.24  0.496  14 44 26
  1.68  0.619  14 26 18 38
  1.32  0.845  31 44 5 34 19 48
  1.74  0.744  34 14 34 42 44
  1.86  0.875  34 48
  3.94  0.941  34 37 14 0 6
  2.35  0.864  19 19 11 48 34 5
  2.14  0.704  19 11 48 30 32
  1.79  0.844  5 18 0 34 4
  1.23  0.631  5 18 34 37 46 14
  1.01  0.921  30 6 3 10
  4.14  0.787  12 46 40 19 44
  1.43  0.742  14 47 13 19 44 1
  2.89  0.877  37 42 49
  2.78  0.821  39 28 6 1 14
     1   1.02  48 48 18 18 18
  2.73  0.814  6 35 34 42 26 11 30 12 30 29
  1.99  0.687  42 4 44 0 35
  4.03  0.641  46 14
  1.33  0.714  46 14
  1.19  0.879  46 14 46 21 34 15 14 6
  3.01  0.536  6 44 15 33 30
  3.86  0.738  4 1 48
  1.66  0.795  14 28
  2.65  0.853  16 21 14
  2.51  0.757  18 18 39 18
  1.31  0.815  18 18 31 19 12 30
     2  0.768  18 12 42 18
  1.34  0.989  0 19
  3.79  0.817  44 15 41
  1.58  0.722  14 19 0 29
  3.15  0.703  21 15 26
  1.17  0.522  48 44 19 47 28 15 26 44
  1.35  0.736  30
  1.01   0.76  29 6 4
  1.45  0.725  19 1
  2.46  0.673  18 32 34
   1.3   0.89  32 24 5 42 14 30
  1.52  0.683  30 18
  3.95  0.557  26 33 34 34 12
  2.78  0.903  42 1 18 14 35
  1.37  0.637  46 16 36
  2.56  0.727  29 19
  2.42   0.64  18 16 14
  2.81  0.657  18 34 20 46 0
  1.19  0.727  5 34 48 48
  2.07  0.738  43 39 19
  1.64  0.798  43 15 22
  1.07  0.699  19 16 34
  4.78  0.801  19 16 34 33 14
  3.79  0.974  46 30 26
  1.05  0.685  1 12 42 32 34
  1.43  0.926  1 39 14
  1.84  0.747  30 16 46 44
  2.04  0.889  30 34 39 18 3
  2.99  0.771  34 39 14 15 19
  1.04  0.678  18 34 32 19 18 4
  1.02  0.924  49 34 14 26 2 12 1 48
   2.5  0.669  38 35 34
  2.28  0.772  8 11 42 11 46
  2.75  0.685  14 26
  2.91  0.868  15 6 14 32 41 48
  1.47  0.763  15 6 32 41 48
  2.89  0.614  47 19 26 30
   2.9   0.65  47 19 22 16
  1.63   0.82  4 49 44 35
  1.28  0.679  4 49 24 28
  1.01  0.789  42
  1.74  0.803  14 11 13
  1.78  0.663  11 21 27 34 0
  1.17  0.787  11 16 34
  4.58  0.736  39 11
  1.43  0.772  15 19 15 44 14
  3.39  0.877  14 14 30
  1.26  0.722  18 32 0 20
  2.48   0.87  26 29 30
  3.06  0.976  16
  1.08  0.706  34 9 44 14 34 44 34
  1.68  0.823  14 19 48 43 32
  1.67  0.576  12 3 19 16 15
  1.37  0.841  30 24
  1.03  0.854  24 1 4 4
  1.48  0.825  18 38 43
  1.05  0.585  43 34 21
  2.55  0.667  21 30 16 18
  3.75  0.687  35 20 48
  1.56  0.698  35 19 44 16
  2.39  0.777  38 14 31
  2.54  0.736  5 34 39
  1.39   0.75  47 0 18 37
  4.52  0.783  47 5 36 13
  3.15  0.628  13 30 1 5 12 28 4
  1.28  0.863  30 48 19 11
  2.02  0.828  10 49 26 14
   1.5  0.715  48 49 28
  1.25  0.717  14 34 14 48 44
  1.55  0.708  2 15 31
   1.5  0.848  46 32
  3.43    1.1  32 0 48 35
  3.15   0.79  21 35 32 48
  1.24  0.654  43 18 14 32 15
  3.93  0.781  14 49 1 19
  1.77   0.68  34 32 28 8
  1.75   0.76  10 41
   1.5  0.706  29 49 0 1 48
  1.46  0.626  30 19 24 18
  2.85  0.918  42 46 16 21 39 47
  4.17  0.823  26 41 42 19 48 0 30 44
  1.22  0.669  34 32 14 21
  1.14  0.905  30
  1.02  0.697  1 14 5
  1.04   0.77  11 38
  1.38  0.794  11 38 14
   1.1  0.697  16 41 19
  1.43  0.944  16 33 14
  2.95  0.708  14 16 44 49 16
  1.52  0.622  46 0 38 14 38
  1.45  0.702  7 19
  1.32  0.686  16 18 33 26
  3.04    0.8  41 5
  1.06  0.879  29 12 21 30
  1.03  0.622  8 18 19
  1.09  0.654  49 30
  2.99   0.63  43 4 18
  1.48  0.742  43 14 30 11 49
  2.93  0.459  11 42 18 19
   1.1  0.763  46 6 33 12
  1.38  0.812  18 13 34 14 21
  1.28  0.819  4 3 14 13 48 39
  2.91  0.638  14 18 47
   2.5  0.741  26 26 14
  1.45  0.877  26 6 43
   1.2   0.79  32 16 39 43
  2.13  0.788  30 38 8
   2.9  0.792  2 34
   1.4  0.653  16 3 34 42
  5.47  0.824  1 19 29 44
  3.15   0.71  14 34
  1.72  0.887  34 4 33 37 30 34 49 3 12
  2.82  0.755  49 2 38 33
  2.56  0.625  38 4 18 39 48 31
  1.28  0.658  1 48 20 43
  1.33  0.628  44 46
  2.09   0.57  37 18 14 2
  1.43  0.797  37 18 14 2 48 34 18
  1.94  0.735  49 14 8 0
   4.2  0.822  30 6 14
  1.54  0.794  24 20 14
  2.93  0.614  44 42
  3.74  0.837  5 19 43 4 34 10
  2.22  0.724  21 29 34 44 48
  3.68  0.695  39 6 1 30 5
  2.73  0.733  43 3 46 12 24 32 49
  1.84  0.628  32 18 0 4 14
  1.27  0.768  5 19 32 21 14 38
  1.82  0.765  14 34 4 35 49
  1.12  0.839  14 44 28
  1.69  0.869  42 47 11 0
  2.31  0.582  2
  1.36  0.828  1 20 44 12 49 15 22 47 0
   1.2   0.72  24 4 14 14
  1.08  0.707  16
  2.43   0.69  35 1 6 16 18 2
  1.32  0.803  35 11 19 12 34
  1.07  0.626  34 46 24
  1.17  0.654  16 16 21 19 14
  2.77  0.659  16 14 34 35 28 48 14
  1.01  0.764  47 21 44 2
  1.42  0.706  49 29 41
  1.34  0.673  11 38 32 28 34 18
  1.59   0.89  2 1 48 34 33
  1.19  0.869  6 21 18 34
  1.57  0.885  34 19
  1.55  0.945  19 3 16 5 26 8 6 19
  1.54  0.871  18 31 1
  1.18  0.689  18 1
   1.9  0.779  18 2 3 14
  4.16  0.658  34 44 4 11 9
  1.27  0.817  4 32 19
  1.51  0.787  31 5 10
  1.66  0.733  5 29 19 48 38
  2.06  0.826  28 1 32 14 0 34
  3.91  0.846  1 14 34 14 14
  1.73  0.765  1 14 34 14 14 34 43 11
  1.08  0.855  14 2 30 19
  2.04  0.909  8 48
  3.19  0.878  18 34 29 14 3 14
  2.88  0.631  3 44 18
  1.33  0.756  44 42 16
  1.24  0.868  42 26 4 32 30 31 29 19
  1.35  0.644  18 5 38 14
  1.62  0.663  0 34 15 44 30 32 31
  4.92  0.834  3 28 30 48 32 34
  4.62  0.769  35 39 23
  1.18  0.542  12 48
  3.35   0.83  16 35 46 30
  1.55  0.801  48 29 3
  3.16  0.727  11 10 18 1
  1.21  0.666  2 6
  1.57  0.803  6 15
  1.61  0.628  15 4 3
  3.15    0.8  4 44 35 26 24 19 18
   1.1  0.779  26 15 43
  1.15  0.662  20 18 3 28
  2.97  0.964  18 26 48
  2.23  0.799  5 18 49 20 19 19
  1.44  0.625  34 42 12 11
  1.88  0.754  34 42 12 11 48 42
  2.14  0.513  16
  2.01  0.879  16 19 5 26 41
  2.89  0.723  26 18 16 1 14 19
  1.22  0.681  32 5 15
  2.52  0.676  7 49 14
  3.59  0.782  11 14 1
  1.16  0.723  44 46 26 6 48
   2.8   0.92  26 39 38 14 44
  1.31   0.55  4 14 29 49
  1.06  0.799  49 30 32 3 16
  3.07  0.781  48 16 34 25 14
  1.04  0.796  6 49 49 0 21
  3.59  0.727  14 14
  2.73  0.627  3 12 12 19 47 21 18
  1.03  0.694  32 29 48 15
  1.02  0.725  19 32 14 13 48
  2.72  0.814  19 19 44
  5.07  0.684  46 26 13 19
  1.41  0.782  18 26 30
  2.02  0.804  11 34 32 4 1 6
  1.44  0.725  35 16 43
  1.05  0.785  35 30 19 14
  2.02  0.843  3 16 3 9 18 24
  1.21  0.872  6 16 12 38 14 34
  1.13  0.675  20 15 41 21
  2.61  0.806  15 14
  1.58  0.754  15 14 6 16 18 2
  3.14  0.688  14 16 1 30
  1.64  0.651  14 14 11
  1.11  0.637  11 28 16
  1.04  0.731  6 8 46
  1.01  0.689  32 4
  1.48  0.877  1 32 34 18 30
  1.76  0.676  1 41 30 34 30 36 35
     1  0.643  34 8 6 21
   3.6  0.647  21 46 11
  7.22  0.742  34
  2.05  0.872  14 13 47
  2.31  0.736  48 4 14 0 16
  1.26  0.894  26 11 35
  1.59  0.732  11 4
   1.4  0.734  4 16 13 15 18 18
   1.5  0.845  16 11 20 19 20
  1.69  0.857  44 14 34 39
   1.3  0.777  2 14 2
  1.49  0.609  1 9 4 29 14 42
  4.64   0.68  16 23 29 12 44 26
  1.19  0.807  19 18 21 15
  1.52  0.951  21 4 29 18
  1.35  0.873  14 24 38 30
  1.08  0.504  6 49 5
  1.62  0.733  44 23 28
  1.02  0.662  6 9
  3.82  0.776  9 14 14 18 42
  1.57  0.767  32 28 4 5
  1.33  0.802  3 14 6 43 30 36 42 35
  2.51  0.917  3 6 30
  1.74   0.83  26 1 14 13 26
  1.47  0.787  49 18 18 44 2
  2.65  0.758  32 19 6 14 3 26
  1.36   0.57  16 46 23 38 41
  1.15  0.755  33 10 34 48 44 38
  1.23  0.771  42 32 1 21 49
  1.27  0.804  42 32 1 21
  2.78  0.586  26 1 49 28 26
  1.94   0.81  47 26 28 35 15 2 43
  1.74   1.03  18 30 26 4 18 0
  4.08  0.591  49 2 32 16
  2.82  0.714  34 33
   1.7   0.73  6 34 18
  1.81  0.895  19 34 26 49 18 15
  1.44   0.82  16 49 49 34
  1.01  0.702  34 28 46 26 18
  4.12  0.876  34 28 18 2 14
   1.1  0.756  5 21 48 14 6 26 6 34
  1.08  0.806  14 14 46 26
  1.05  0.711  14 46 26 9 47
  1.18  0.943  12 34 30 49 34
  2.35  0.589  16 41 14 38 46 8
  1.03  0.696  18 48
  2.15  0.782  2 34 12 2 30
  2.99  0.832  30 41 32
  1.09  0.701  30 34 44 16 3
  3.22  0.724  37 34 2 46 30
  1.37  0.755  30 41 34 43
  2.53  0.701  18 19 1 11
  1.11   1.03  42 39 30 25 46 30
  1.19  0.547  18 25 35
  4.54  0.914  19 38 48 29 19 21 6
  1.12  0.782  19 20
  1.66  0.817  19 16 30
  1.25  0.685  16 49 24 20 16
  1.63  0.803  1 34 18
   1.4  0.767  39 42 20 30 19
  2.24  0.686  39 18 34 16
  1.28  0.882  21 18 30 4 32 21
  1.58  0.683  48 5 14 49
  4.12  0.929  14
  1.06   0.78  16 31 1
  2.32  0.736  32 3
  1.45  0.707  36 30 48 15 37
  1.03  0.834  15
  1.38   0.74  14 30 38
  3.78  0.753  30 38
  1.36  0.664  30 44 32
  2.82   1.01  2 19 31 20
  1.98  0.654  2 26 43
  1.81  0.693  16 46 39 0
  1.25  0.861  14
  1.37  0.722  1 16 49 44 14 18
   1.1  0.635  16 24
  1.86  0.726  24 28 49 30 16
  2.37  0.818  1 6 48 26
  3.27  0.609  14 14 43
  2.67  0.682  46 46 26 5 34
  1.46  0.676  26 5 28 6
   1.5  0.826  1 6 30
  4.46  0.807  6 29
  3.08  0.793  34
  3.43  0.735  12
  2.38  0.585  18 48 16
   3.2  0.826  5 39 18
  1.55  0.784  46 43 0 14
  1.29  0.812  39 44 34 28
   1.6  0.748  30 6 4 42 1
  2.63  0.758  6 1 44 19 5 18 44 14 28 34 2
  1.29  0.806  6 41 24
  1.72  0.795  24 34 46 49 34 18
  1.74  0.827  1 37
  1.57  0.898  15 12 34 28 42
  1.16  0.813  12 21 30 35 33
  2.01  0.615  35 34 18 34
  5.52  0.787  26 18 4
  1.03  0.721  34 14 34 14 46 14
  1.86  0.651  0 34 14 4 18
  1.76  0.806  30 12 4 38 48 42 18
  1.06  0.666  12 29 29
  1.81  0.732  34
  2.36  0.619  34 18 14 29
  3.34  0.885  18 34 10 18 44
  1.26  0.684  19 18 35 15
  1.11   0.86  34 5 21 33
  1.71  0.725  19 1 34 13
  1.15  0.792  1 18 26 4 18
  1.17  0.741  1 18 26 4
  2.94  0.598  46 33 43 3
  3.11  0.717  34 5 6 47 14
  1.47  0.796  5 6 37 30 19 30
   1.3  0.816  9 10 14 14
  1.51  0.783  14 6 28 38 49
  4.18  0.768  6 11 3 14
  1.68  0.738  44 42 15 49
  1.76  0.646  49 34 16 12 38 29
  2.87  0.757  2
  3.19   0.72  39 1 16 38
  2.48  0.835  16 30 32 34
  4.13  0.858  1 26 14
  1.22  0.836  37 12 14
  1.03  0.813  12 41 18
  1.96  0.754  14 49 40 40
  1.02   0.74  18 18
  2.17  0.646  18 2 18 31 16
  1.05  0.773  12 14 46 10 28
  1.07  0.669  2 14 43 44 19 36 21 29
  1.14  0.671  48 28 18 16
   2.9  0.721  28 16 29 6
  1.35  0.794  30 18 34 48 18
  2.96  0.622  22 44 19 39
  1.65  0.832  22 19 44 25 14
  1.68  0.579  18 1 34 18 14 20
  1.55  0.797  39 34 30 12 11 2 13 30
  1.09  0.798  41 4 35
  1.36  0.742  42 30 19 1 18 16
  1.49  0.766  42 30 2 32 30 19 15
   1.7  0.613  19 23 28 1
  2.25  0.635  14
  2.89   0.81  31 28 23 3 21 35
  1.23  0.603  1 19
  2.62  0.853  14 20
  1.12  0.752  12 28
  1.68  0.698  29 14 6 42 39
  1.48  0.691  6 21 29 4 30 33 11
  2.55  0.776  29 19 42 49
  1.01  0.818  23 14 14
  1.49  0.993  48 29
  1.03  0.922  28
  3.28  0.591  47
  2.06  0.732  18 14
  1.25  0.711  14 42 11 48
  1.06  0.709  42
  1.93  0.759  49 1 28 18
  1.45  0.828  20 12 49 1
   2.6   0.82  29 32
  4.96  0.743  16 24
  1.61  0.723  24 47 34 30 15
  2.85  0.689  6 30 22 48
  2.63  0.661  15 2 20
  1.28  0.536  15 34 16 28 18
  1.32  0.868  1 1
  1.95  0.665  34 0
  1.02   0.73  1 14 26
  3.94   0.81  21 18 19 38 15 21
  1.61  0.881  21 48 14
   1.4  0.767  48 14 30 48
  1.21  0.562  30 15 18
  1.11  0.782  12 30 32
  1.12  0.905  18 33 18 44
  1.45  0.756  44 11 14 6
  1.35  0.657  21 36 16
  2.75  0.765  15 19 18 11
  1.79  0.685  26 43
  1.84  0.767  26 14
  3.03  0.674  5 48 43
  1.91  0.727  18 20 29
  2.32  0.688  42 34 19
  2.09  0.906  31 16 18 14 18
  1.69  0.834  18 18 3 35 14
  1.65  0.914  49 46 46 42
  4.25  0.847  14 3 43
  1.91  0.963  32 34 34 24 16
   1.3  0.676  1 1
  1.39   0.74  48 30 19 30
  1.54  0.633  41 22
  1.14   0.91  21 14 2
  1.25  0.723  49 32 19 3 34
  1.87  0.768  49 3 1 39 46 6 30 2 14
  1.18   0.89  30 16 30 14 21
  1.15  0.631  18 14 32 21
  1.09  0.866  14 44 26 23 28 44 30
  1.06  0.918  13 3 14 49 44
  1.28  0.827  32 44 18 12
  1.06  0.821  22 5 10
  1.04  0.806  10 6 0 1
  4.19  0.637  6 21 6
  3.26  0.704  35 44
  1.14  0.634  14 4 47 44 33 38 19
     1  0.779  11 44 6 49 26
   1.2  0.688  11 44 6 49 26
  1.99  0.627  39 18 44
  5.37  0.563  44
  1.26  0.677  26 29 22 16 14 14
  1.12  0.814  31 48
  2.27  0.625  38 34
   1.8   0.89  1 18 18
  1.15   0.58  0 11 28 48
  2.32   1.11  6 29 49
  1.02  0.785  2 48 14
   1.2  0.644  2 46 10
  1.02  0.671  10 29 14
  2.39  0.692  31 29
  3.29  0.716  19 20 26
  3.33  0.798  15 30
  3.61  0.752  18 19 15 21
  2.38  0.779  18 48 24 2 18
  3.51  0.587  26 30 7 37
  1.73  0.946  13 43 30 26
  1.81  0.726  18 14 14
  1.51  0.553  9 24 14 36 33
  2.27   0.93  9 14 1 16
  2.12  0.717  49 13 16
  1.13  0.923  14 8 19 12 38 6
  1.09  0.823  32 6 19 47 49 4
  1.88  0.867  19
  2.22  0.674  43 30 1 46
  1.93  0.931  44 14 18 16
   1.5  0.756  24 11 18 15
  1.07  0.713  4 30
  1.29  0.506  4 11 19
   1.5  0.642  28 42 4 34
  1.39   0.85  15 15 14 34
  2.75  0.737  15 18 44 40 1
  1.71  0.672  15 1 18 18
  1.47   0.85  4 14 37
  1.28  0.977  37 32 30 21 9 14
  2.17   0.81  2 14 34 18
  3.23  0.763  2
  3.82  0.846  2 48 22 44 49 24
  4.15  0.767  13 42 44 44
  3.22  0.668  13 42 14 32 32 4
  3.62  0.678  45 6 20 5 18 29 18 31 28
  2.27  0.709  19 38 24 18
  2.73  0.759  18 16 8 14 19
  1.97  0.729  32 29
     1  0.791  32 34 26 5 4 4 18 24
  1.43  0.865  34 4 18 6 32
  6.34  0.792  16 43 49 18 11
  1.14  0.565  1 2 32 23 19 18
  3.99  0.724  32 12 28 18 49 2 32 24 16
  1.38  0.575  24 30 20
  1.13  0.699  15 18 34 21 33 12 49 2
   2.7  0.779  26 0 44 29
  1.02  0.847  14 19 24 37 25
  1.66  0.708  25 34 42
  1.68  0.876  49 32 29
  1.31  0.819  29 19 41 18 18 34 32 37 47
  1.98  0.717  18
  4.04   0.85  0 18 14 21 2 44 20 12
  1.32  0.612  48 46 28
  2.51  0.797  39 49 39 34
  3.03  0.705  14 5 49
  1.69  0.666  49 21 1 30
  2.46  0.818  39 4 29
  1.49  0.761  32 5
  1.91  0.865  12 42 35 37
  1.57  0.991  34 48 32 23
  1.94  0.762  15
  1.08  0.687  15 23 32 16 31 47
  2.76  0.611  32 31 6 28
  1.05   0.83  30 14 4 37
   2.3  0.607  34 14
   2.8  0.852  30 37 31
  1.66  0.869  48 37 4 14 48
  3.09  0.846  11 0 30
  2.64  0.761  24 49 44
  2.83  0.773  20 44 6 33 16
  1.26  0.979  3 1 4 1 18 1 6
  1.77  0.798  6 5 26 30 34 49
  1.42   0.68  18 12 1 35
  3.49  0.849  34 30 34 48 32 18 5
  3.83  0.881  12 18 14 19 20
  2.05  0.754  47 12
  1.03   0.71  32 26 6 34 43
  1.07  0.793  32 26 6 34 43 18 44
  1.09  0.861  18 12 12 0 6
  1.19  0.739  16 8 48 48
  1.41  0.816  6 24 9 35
  1.59  0.801  1 30 14
  1.55  0.644  14 6
  2.13  0.621  39 34 36 32 36 41 44 14 29
  2.04  0.692  32 5 46
     2  0.784  18 4 4
  3.59   0.77  29 19 18 33 36 35 4
  1.11  0.647  4 2 44 16 30
  1.69  0.784  4 44 24 29
  1.04  0.783  26 42
  2.77   0.79  30 13 29 34 15
  4.51  0.823  30 13 29 34 15
   1.1  0.724  30 13 0 6 20
  1.53  0.706  46 34 4 30 45
  2.23  0.856  32 34
  3.55  0.566  30 14 5 11 49 13 44 30 35
  1.09  0.954  44 19 28
  2.69   0.74  1 18 18
  1.26  0.672  1 18 28 30 30
  2.96  0.854  35 49 4 3
  1.32  0.813  32 28 31 26
  1.58  0.623  49 15 15 21 28 16 14
  2.66  0.686  41 26 32 43
  2.61  0.861  14 16 19 48
  1.15  0.892  16 15 34 14 14
   1.6  0.477  1 48 25
  1.09  0.627  13 45 19
  2.04  0.847  19 21 49 14
  1.95  0.855  33 12
  1.87  0.754  12 4 16 30
  1.19  0.784  6 47 29
  3.01  0.772  34 6
  2.12  0.926  4 34 38
  3.31  0.891  16 19 11
  1.38  0.891  14 19 34 8 34 15
  1.04  0.797  34 34 15 4 6
  1.77  0.925  4 18 49
  1.22  0.734  33
   1.5  0.739  13 3 48 6 34 2
  1.03   0.81  21 37 16 11
  1.88  0.554  21 16 11 18
  2.29  0.834  30 49 18 15
  1.68  0.677  48 30 14 34 18 12 42 39 26
  1.11  0.703  32 18 0
     1  0.572  46 9 35 18 3 34 18
  1.53  0.675  49 24 14 1 3 19
  1.91  0.597  38 29 34
  1.09  0.742  25 30 1
  1.99  0.827  4 32 19 46
  1.21  0.821  26 48 4
  1.94  0.844  14
  2.92  0.639  14 42 14 4 30
  4.27  0.798  49 21 18 49 12 28 15
  1.37  0.666  49 28 34 6 4
  1.39  0.671  12 1 48 8 16
  1.15  0.874  4
  1.17  0.631  32 49 18 14
  2.48  0.859  34 28 1 26 1
  1.33  0.852  28 25 34 29 30 3
   2.1  0.765  2 3 6
  2.76  0.631  30 16
   3.5   0.65  12 34 0 32
  2.16  0.921  28 18 37 1
  1.15  0.777  1 12 19 30 14
  1.89   0.81  18 5 42 20 0
  2.83  0.787  26 44 18
  7.78  0.727  26 44 18
  1.25  0.751  44 49 21 49 43 5
  1.32   0.63  34 19 18
  1.34  0.766  34 19 18
  2.09   0.79  18 16 32 14 1 34 18
  4.88  0.889  16 14 8 34 24 28
  1.31  0.612  16 1 49 39
  2.59  0.916  16 16 15
  2.01  0.941  12 2 46
  2.67  0.732  34 32 43
  1.53  0.715  1 5 32 4
  1.16  0.582  28 28
  1.49  0.736  5 28 32
  2.47  0.738  14 16
  1.84  0.809  21 42 39 3 14
  1.65  0.688  37 21 48 1
  2.29  0.863  30 24
  1.74  0.746  48 34 0 4 32
  2.18  0.662  4 48 16
  1.22  0.819  16 32 1 26
  1.66  0.823  16 32 26 47 14 19
  4.28  0.877  26 2 23
  3.26  0.824  48 46 18 49 0
  1.09  0.638  48 46 14 18
  1.62   0.82  28 4 34 21
  4.48  0.735  2
  1.66  0.969  46 26 49 48 5
  1.04  0.891  47 8 24 30 18
  1.75  0.756  28 21
  1.55  0.907  34 5 34 14 14
  1.26  0.696  32
  1.95  0.697  32 21 29 18 32 21
  2.21  0.723  0 16 30
  1.09  0.889  26 24 34
  1.24  0.667  6 42
  4.91  0.654  7 18 46 14 48
  1.25   0.75  6 4
  1.75   0.82  6 4 33 14 30
  2.39  0.813  30 21 14 6
  1.64  0.795  21 4
  1.08  0.744  21 48 39 16
  1.26  0.612  11
  1.79  0.907  43
  1.15  0.853  43 14 38 32 28
  2.09  0.655  44 18
  1.82  0.645  3 23 12 41
  3.18   0.59  3
  1.89  0.809  19 14 35 48 34
  1.42  0.593  19 14 35 48 34 37
  1.56  0.836  34 5 1
  1.16  0.844  31 26 18 39
  1.69  0.836  39 29
  1.49  0.867  32 43 42 1 48 32
  2.59  0.948  18 39 1 2 32
   1.5  0.872  15
  1.27  0.843  34 19 48 33
  1.61  0.693  18 1 18 19 33 2
  1.63  0.842  16 14
   2.3  0.559  49 18 35 30
   4.3  0.768  36 21 18 19
  1.05  0.828  14 10 48 41 12
  1.25   0.76  48 18 42 18 42
  2.35  0.672  14 29 18 43
  3.17  0.753  4
  1.03  0.867  14 24 42 16
  1.11  0.925  16 39
  4.05  0.802  18 34 34
  1.22   0.89  18 34 49 26
  1.41   0.75  48 2 21
   4.5  0.647  46 39
  1.14  0.602  6
  2.16  0.698  1 6 24 34 19 2
  3.45  0.708  26 4
  1.08  0.772  11 38 44 28 39 46 34 48 16
  3.62  0.707  38 28
  2.63  0.787  38 14 6
  1.69  0.785  38 48 48 49
  2.33  0.809  49 34 41 18
  1.23  0.744  12 14 38
  1.04  0.949  12 14 38 12 14 34 18
  2.19  0.788  12 38
  1.72   0.58  12 49 11 32
  1.75  0.722  4 21
  1.87  0.792  18 20 32
  2.11  0.909  18 26 28 34 4
  1.86  0.609  4 18 49
  1.32  0.948  18 1 20
  1.49  0.819  18 1
  1.04  0.644  4 4
   1.4  0.678  4 6 5
  2.03  0.948  30 1 4 33 34
  1.59  0.775  34 18
  1.87  0.956  1 32
  2.29  0.778  1 24 32 11
  2.87  0.637  46 34 49
  1.62  0.748  2 12 5 20
  1.38   0.69  0 19 6 11
  1.03  0.565  13 16 30 34 42
  1.68  0.834  29
  1.34   0.82  14 34 33 48
  4.07  0.677  20 16 41 20 19
  1.94   0.79  14 18 16 4 0 34
   1.2  0.698  38 28 1 21 19 6
  3.36  0.661  2 37
  1.62  0.644  21 16 30 40
  1.24  0.682  4 18 14 15 47 34
  2.23  0.682  47 18 48 32
  1.04  0.772  20 14 32 32 18 31 10
  1.21  0.798  10 49 6 19
  2.05  0.613  48 44 5
  5.83  0.781  48 18 29 13 22 30 19
  1.53  0.733  29 19 26 1 15
  1.28  0.841  1 38 32
  1.46  0.865  34 19 20 19 46 34 49
  1.16  0.768  21 41 26 19 36
  2.22  0.747  46 14 32 28
  3.26  0.783  46 14 21 19
  1.07  0.742  39 18 16
  1.09  0.745  16 49 14 41
  3.19  0.832  0 35
     1   0.64  0 35 48 4 30
  3.21  0.524  6 10 47
  1.99  0.653  39 48 16 2
  2.31  0.955  14 18 46
  1.17  0.714  18 23
  1.42  0.819  2 43 14
  1.25  0.737  34 18 19 19 15
  2.44  0.437  1 12 30 28
   1.3  0.611  12 6 30 1 12 34 28 38 34 21
  1.15  0.742  11 2 34 5
  2.27   0.89  34 35
  3.68  0.739  4 48 12 14 14 4 39 33 37
  2.08  0.721  47 36 14
  1.08  0.927  34 14
   2.5  0.719  43 48 46 30
  1.54  0.705  14 49 15 23
  2.95  0.786  18 48 28 34
  3.92    0.8  6 18 1 4 35
  1.89  0.854  12 34 28 1
  1.58  0.732  39 16
  3.05  0.841  39 32
  2.67  0.771  14
  1.85  0.921  12 46 34 34 15 14 33
  2.59   0.69  6 48 35
  3.19  0.784  35 34
  1.81  0.805  14 19 21
  1.38  0.799  1 15 0
  1.18  0.738  1 0 26 14
  1.12  0.726  0 26 14
  1.35  0.677  26 18 5 7
  1.31   0.53  39 34 28 22 14 22
  1.25  0.787  34 39 3
  2.31  0.789  24 46 32 48
  2.01  0.905  24 30
  1.97  0.696  39 19 34 42 14
  1.32  0.738  14 16 1 21
  4.01  0.673  49 5 6
  1.26  0.751  14 30
  1.28    0.7  26 46 44 15
  1.16  0.778  26 15 11 20 39
  3.11      1  22 19 34
  1.29   0.85  22 19 34 18 35
  2.56  0.607  2 17 34
  1.62  0.759  49 19 12 37 5
  1.61   0.64  18 18 48 30 30 48
  1.28  0.758  39 32 18 29 13
  1.28  0.567  16 19
  1.66  0.727  16
  1.15  0.676  16 18 43 4 5 12 12
  2.14  0.859  33 48 0 14 22 12
  1.13  0.669  48 22 12 0 16 19 1 33
  1.46  0.579  19 44 44 29
  1.71  0.702  19 44 44 29
  3.44  0.664  30 37
  1.75  0.755  38 43
  1.02  0.766  34 36 14 48 6 14 1 16
  2.11  0.854  6 21 49 5 18
  1.06  0.814  18 30 18 43 44 21 18 5
  1.04  0.815  43 6 34 14 6
  1.09  0.942  29 33 20 30
  1.11  0.793  44 32 11 34
  1.02  0.842  32 14 22 2 46 20
  2.86  0.655  12 13
  1.31  0.876  19 26 43 12 1
  4.18  0.782  43 12 18 34 1 20 6 14 19 6
  3.47  0.696  31 34 42 19
  3.04  0.565  34 39 18
  3.38  0.666  14 18
  2.81   0.76  1 14 26 28
  2.06  0.724  39 24 16
  2.57  0.662  38 18
  3.36  0.775  28 26 6 1
  1.13  0.565  26 18 12 6 47 48
  1.01  0.697  30 20 14 49
  3.32  0.917  1 12 18
  1.34  0.519  14 19
  1.84  0.731  18 38 39 18 0
  2.37  0.499  30 34
  3.05  0.827  46 3 24 12 30
  1.58  0.766  19 34 19 2 48
  1.35  0.742  32
  3.55  0.708  32 34 6 34
  3.38  0.504  39 24 0 46
  2.05   0.85  30 34 5
     1  0.712  11 12 16 0 28 10 6
  3.24   0.78  1 47 49 11 34 37 38 21
  1.71  0.606  28
  1.73  0.603  28 11 21 3
  2.56   0.73  0 34
  1.54  0.758  34
  2.86  0.685  16 6 38 14 30
  2.52  0.656  15 45 32
  3.76  0.793  32 14 49
  2.93  0.683  19 16 11
   2.8  0.762  8 2 6 47 49
  3.23  0.857  42 16 46
  1.01  0.715  19
  2.45  0.763  19 1 4 11 47 49
  3.03   0.64  16 42
  1.19  0.779  14 14 47 30 34
  2.01  0.647  30 30 18
  3.21  0.774  30 30 18 12 15 14 24 19
  4.05  0.777  30 6 1 29 4 6
  1.34  0.956  5 2 32 43
  1.01  0.853  19 49 11 24
  3.01  0.712  30 5 18
  1.67  0.766  18 1 22 31 3
  1.41  0.821  18 22 3 13
  1.94  0.538  1 16 38 14
   1.5  0.736  16 47 34 22
  1.73  0.754  29 29 32 4
  2.59  0.773  47 49
  1.04  0.836  4 6 35
  1.61  0.589  3 34 14 3 14
  1.73   0.77  21 1 45 34 3 14
   1.2  0.658  41 48 26 4
  2.89  0.659  11 44
  2.13  0.907  12
  1.33  0.602  11 6 39 48 42
   1.1  0.773  18 14 16 8 16
  2.33  0.757  48 18 18
  1.03  0.715  19 39 42
  1.01  0.898  16
   1.6   0.72  49 19 48
  1.33  0.599  30 37 49 48 5
  1.09  0.856  5 14 19 13 11 14 1 30
  2.75  0.707  18 12 2 24
  1.45  0.744  32 18 44 49 44 42 1 46
  2.42  0.819  14 15 14
  1.19  0.839  14 15 14 4 46 29 16 2
  1.17  0.777  43 30 18 8 35
  1.96   0.77  13 13 30
   2.6  0.616  28 34
  1.44  0.705  1 14 1 4 11 6 6
  1.45  0.789  14 1 6 10 48 23
  1.08  0.636  14 1 10 48 23
  1.99  0.616  5 26 9
  1.93  0.573  5 26 9 38 0 46 48 31 21
  1.98    0.9  48 41 44 30 3 34
   1.3  0.901  41 19 16 15
   2.3  0.808  6 30 1 11
  1.04  0.915  30 14 12 4
  2.87  0.744  12 4
  1.25  0.579  12 14 29 24
  4.31  0.752  34
  1.13  0.756  14 26 14 16
  1.04  0.707  35 18 18 44
  3.96  0.827  18 18 19 30
  3.35  0.854  48 30 24
  1.44  0.796  32 33 1 28
  2.04  0.792  1 37 20 31
  3.72  0.811  31 30 46
   1.1  0.733  42 39 0 14 48 38 0
  2.84  0.771  38 14 31
  1.57  0.646  26 30 43
  1.71   0.68  48 16 19 3 18
  1.46  0.848  26 49 28 44 37 29
   2.6  0.849  2 35 49
  1.99  0.804  46 28 18 43 30 9 14
  1.02  0.785  30 3 43
  1.73  0.551  3
  1.11  0.885  47 0 13
  1.33  0.743  47 6 20 1
  1.77   0.65  47 6 20 1 38 6
  1.83   0.69  6 43 3 14 19
  3.05  0.738  39 13 28
  1.07  0.634  1 35 14 18 16
  5.72  0.821  30
  3.34  0.732  5 44 4
  1.35  0.661  5 4 34 37
  1.61  0.608  35 41 1 0
  3.62  0.655  0 34
  1.41  0.737  0 10 14 48 15
  1.34  0.699  10 48 49 23 42
  1.28  0.639  49 47 35 34 18
  3.12  0.693  44 30 4
  1.36  0.581  5 39 30 33 30
   2.6  0.565  33 19 6 1 23 19 28 14
  1.27  0.768  2 48 46 43 2
  2.68  0.795  46 14 13
  2.91  0.847  6
  2.03  0.709  11 48 45 46 32 3
  1.61  0.891  2 20 38 42
  1.58  0.734  30 19 4 44
  2.89   0.83  18 22 34
  1.04  0.692  30 4 1
  1.43  0.768  29 32 15
  1.17   0.63  43 39 41 34 0 19
  1.79  0.766  48 23 48 43
  1.86  0.818  34 29 28
  1.44  0.902  33 48 43 12 48
   2.4  0.816  46 48
  1.04  0.674  6 44 21 19
  2.72  0.625  43 18 12 46 14
  1.94  0.696  14 13
  1.65  0.656  22 18 47
  1.93  0.634  18 47 30 2 9 26
  1.11  0.679  18 26 18 39 14
  1.26  0.705  14 46 12
  1.03  0.768  46 12 15 37 34 11 37
  3.34   0.53  20 24 41 42 30 1
  1.81  0.753  49 30 21
  2.83  0.826  49 30 21 16 34 49 0 48 14 26 16 18
  1.39  0.673  12 34 18 26
  1.54  0.552  18 31 1 32
  1.76  0.587  42 42 34 21 46 26
  1.21  0.881  46 1 5
  1.16  0.848  46 32
  1.12  0.909  32 35
  1.21   0.91  26 48 16 26 26
  1.71  0.842  14 16 16 16
  3.39  0.784  14 28 16
  2.14  0.701  48 14 18 48 21 22 44
  1.42  0.545  31 32 49
  2.62  0.858  49 34 14 16 10
  2.79  0.943  14 16 18 14 37 34
  2.45  0.763  35 29 25
  1.29  0.722  26 38 33 20 4
  1.04  0.891  3 26
  1.38   1.06  30 36 4
  1.29  0.924  30 14
  6.06   0.83  4 43 42 24 31 49
  1.33  0.785  8 28 32 34 14
   1.1    0.6  26 28 18 49 39 35
  1.19   0.74  26 28 10
  1.13  0.592  28 34 41 16
  2.56  0.937  18 43 14 0
  1.63  0.844  46 14 11 26 26
  2.39  0.714  16 4 24 32
  3.01   0.71  39 15 1
  3.29  0.707  38 12 10 15
  5.88  0.602  38 14 32 48 9
  1.62  0.769  32 26 6 15 33
  1.11  0.808  6 46 21 30 44
   1.2  0.588  46 21 30 44
  2.24  0.842  12 45 11
  1.05    0.7  12 11
  4.36   0.69  48 30
  1.12  0.706  4
  1.96  0.666  34
  2.11  0.919  12 18 24 20 38
  1.51   0.62  35 14 0
   3.4   0.67  4 28 12 16
  1.25  0.864  41 1 34 30 25 19 49 19
  1.64   0.67  41 19 19 41 1 18
  1.14  0.829  11 19
  3.23  0.902  4 19 1 42 19
  1.47  0.856  49 28 26 44
  1.28   0.62  32 36 21
  4.44  0.806  12 44 14 4 38
  1.31  0.745  3 47 44
  2.23  0.643  49 30 41
  1.91  0.772  49 34 31 1 20
   3.8   0.79  49 48
   1.2  0.763  49 34 48 20
  1.58   0.75  34 15
  1.69  0.817  3 3
  3.01  0.549  30 28 1 2 49
  1.63  0.778  2 34
  2.12  0.561  38 36 12 8 34
  4.27  0.752  35 41 26 0 15 34
  6.52  0.927  35 26 15 38 14 11
  1.37  0.911  14 39
  1.16  0.831  18 8
  1.05  0.752  18 32 16 12 39 28 18
  2.06  0.734  26 38
  2.03  0.715  20 26 1 29 16
  2.42   0.63  20 29 16 8 13 35
  1.44  0.673  16 38 16 40 16 25
  1.33  0.775  32
  1.08  0.787  32 28 18 18 42
  4.47  0.813  14 46 14 12 6 14 2
  1.51  0.951  20 32 16
  1.62  0.575  16 39 6 32
  1.81  0.841  18 47 29 23
  1.15  0.845  18 18 34
  1.44  0.762  34 1
   1.3  0.863  48 34
  2.26    0.7  42 18 23 48
  1.18  0.764  14 48
  1.08  0.714  19 26 32
  1.15  0.829  20 49
  1.82  0.688  49 31 1 34
   1.3  0.673  15 18
  1.42  0.795  15 35 25
  2.97  0.803  19 22
  1.38  0.739  14 32 32 28
  1.27  0.798  32 28 44 32 32 29
   1.4  0.801  12 33 34 38
  1.14  0.702  14 31 29 14 46 18
  1.36  0.819  18 5 6 34
  1.11  0.739  46 30 14 24
  2.03  0.667  6 39
  2.79  0.749  11 14 12 49
  1.02  0.609  20 34 4 19 12 5
  3.05   0.82  2
  1.86  0.768  2 14 19 24
  1.56  0.837  43 1 1 21 12 49
  1.74  0.566  43 1 16 20 18
  3.45  0.616  28 8 34 14
  2.19  0.792  34 26 12 1
  3.71  0.817  0 49 49 34
  3.15  0.682  6 49 16 6
  1.15  0.686  1 34 38
  1.44  0.713  11 14 44 6 16
  1.77  0.556  11 3 12 14 1
  2.21   0.79  11 12 14
  1.34  0.602  12 14 30 16
  2.04  0.745  34 18 26
  1.58  0.818  5 16 35 24 47 2
   1.1  0.866  16 2 14 2
  2.11  0.689  16 38 18 18 5
  1.81  0.728  5 46 0 16 38
  2.57  0.885  28 4 11 2 48 19
  2.17  0.713  4 16 0 2
  2.34  0.735  4 0 10
  1.07  0.735  26 28 16 38 44 26
  2.49   0.99  16 29 34
  3.71  0.694  34 14 18 14 32
   3.3  0.605  44 11 45 48
  1.01  0.699  34 39
  2.01  0.869  34 46 28 0
   2.8  0.874  28 32 49 16 29
  2.72  0.756  32 32 39
  1.22  0.967  48 18 31
  2.62   0.77  48 18 47 16
   1.3  0.516  1 1 34 15 16 44 1
  2.23  0.685  19 5 48 38
  1.23  0.867  41 39
  1.99  0.919  39 21
  1.14  0.769  21 24 15 15
  1.91    0.8  49 6 1
  1.02  0.725  6 1 16 10 19 3
  2.47  0.725  14 28 19
  2.42  0.868  37 6 22
  3.74  0.575  49 1 18 42 12
   1.8  0.796  35 42 3
  1.23  0.685  35 28 37 19 8 15
  2.94  0.807  44 19
  1.16  0.673  18 33 38 19 14
  2.41   0.83  20 19 47
  1.18   0.77  19 34 14 39
  3.96  0.928  38 37 4 18 19
  2.74  0.714  12 12 5 44 3
  1.91  0.725  6 44 16 16
  2.89  0.911  6
   2.4  0.801  14 44 14
   1.2  0.941  37 44 29
  2.04  0.769  49 41
  3.61  0.761  49 14 6 48 14 47
  1.21  0.586  14 47 39
  1.49   0.71  20 6 24 4 30
  4.51  0.903  39 1 11 30 19
  1.01  0.868  11 30 41 29 6 0 19
   1.9  0.786  28 31 49 16 14 34
  2.39    0.7  14 39 38
  1.09  0.895  38 34 19 43
  1.24  0.616  20 19 34
  1.28  0.692  18 21 6 41 34
  2.01  0.819  15 3 12 18
  1.01  0.822  8 14 39
  1.67   0.72  6
   1.8  0.833  26 39 19 18 30 48
  1.72  0.954  39 32 23 32 34
   1.5  0.697  39 32 23 32 34 46 38
  1.09  0.869  0 30 34 20 43
  1.71  0.956  21 18 0 49 18 1
  2.32  0.636  1 38 11
  1.75  0.793  11 6 4
  1.78  0.849  6 18 24 29 38 1 15
  1.05  0.749  16 39 48 14 30 46
  3.49  0.876  21
   1.6  0.782  30 26 18 20 1
  1.28  0.627  32 42 16
   1.1  0.684  1 18 1
  1.35  0.632  39 6 6 34 14
  1.05  0.888  42 30 19 39 18 34 14
  4.38  0.921  14 42 43 39
  1.84   0.75  44 14 14 29
  1.51  0.684  44 14 14 29 5 42 4
  1.68  0.684  31
  1.71  0.983  14 6 18 0 1 12
  2.78   0.85  19 11 30 8 48
  1.26  0.697  34 26 43 14
   1.3   0.83  34 23
  2.89  0.643  12 14 8
   1.5  0.714  12 19 4 13
  1.37  0.694  6 30 28 19
  1.54   0.76  6 46 14 1 48
  1.84   0.82  37 46 0
  2.14  0.738  46 30 39
   2.6  0.611  30 39 28 30 1 12
  1.49  0.757  18 5 49 6
  1.31  0.748  2 18 0 14 16
  1.35  0.674  37 4 34
  1.69  0.869  28 30 21
   2.9  0.667  30 21 46
   1.1  0.843  39 43
  1.02  0.771  6 4 29 26
  1.62  0.663  6 4 29 26 30 28 33
  1.33  0.837  20 26 41 0 2
  1.76  0.801  2 41 14 32
  1.14  0.694  4 19 49 48 20
  3.05   0.59  30
  2.68   0.75  23 18 29 32 19
   1.1  0.903  23 32 28 18 16 28
  3.44  0.661  49 37 32 32 18 32 14
  2.31  0.829  18 28 14
  1.64  0.896  4 4 0 34
  2.95  0.692  47 30 5 14
  1.66  0.596  38 32 19 19
  1.86  0.793  48 12 41
     1  0.825  12 1 16 32 6
  1.41  0.634  32 13 19
  1.53  0.614  21 4 46 6
  4.41  0.632  14 16 20 48 37
  2.54   0.81  37 2 14 34 23 48
  1.33  0.755  18 37 33 43 21 19
  4.08  0.704  34 1 34 14
  3.36   0.65  34 14 25 6 31 19
  2.76  0.579  25 14 14
  1.26  0.952  25 14 34 48 34 47 6
  3.29  0.937  14 34 1 36 48 30
  2.82  0.703  2 39 29 30
  3.28  0.776  15 46 14 18
  1.39  0.703  14 14 30
  1.57  0.691  14 30 14
   1.7  0.716  9 38
  1.98  0.837  20 14 39 15 25 15
  2.21  0.807  6 42 18
   1.3  0.718  35 34 4 18 38
  1.02  0.841  19 39 48
  2.85   0.82  20 39 15
  1.58  0.938  15 39 20 14 5
  1.06  0.768  39 20 14 18 19
  1.05   0.73  32
  1.02  0.824  18 14 46 42 26 29
  2.52  0.778  18 0 44 42 49 0
  1.19  0.726  28 49 18 38 14
   1.3  0.876  6 14 11 8 19 0
  3.34  0.894  12
  2.06   1.03  43 30 44
   1.2  0.673  44 44 29 14 20
  1.37  0.748  14 32
  1.14  0.858  32 18
  1.36  0.754  3
  1.52  0.695  45
  2.08  0.739  45 11 34 42 49 6
  4.17  0.725  14 37 48
  2.55    0.8  30 44 5
   1.3  0.891  5 14 19 43 24
  3.05  0.678  34 39 1 14
  1.54  0.621  18 30 33 13
  2.55  0.828  30 43 37 34
  1.22  0.714  30 37 34 14 8
  1.73  0.629  48 21 21 19 19 18 39 15
  1.52  0.708  16 1 34
  1.22   0.98  34 49
  1.13  0.647  6 14 26 28 3 6 1
  1.62  0.989  8 47 44
  1.27  0.803  44 14 35 13 48
  1.24  0.788  0 26 28 23 2 30
  1.24  0.796  20 39 30 19
  2.26  0.726  48 42 33 18
  1.12  0.648  28 48 30 34
  2.54  0.734  1 0 16 31 39
  2.25  0.893  31 16 44
  3.03  0.533  6 23 34 15
   2.4  0.735  5 30
  1.09    0.5  49 34 44 49 19
  1.25  0.893  46 14
  1.09   0.71  18 36 22
  3.86  0.822  15 3
  1.04  0.719  47 19 18
  1.51  0.615  47 34
  1.07  0.681  18 5 34 1 33 18 21
  1.05  0.864  34 30 44 0 2 14 1
  1.36  0.739  16 30
  1.05  0.833  20 34 47 13 24 18 24
  1.35  0.775  12
  1.25  0.672  34 42 24 18 18
  1.35   0.77  1 46 34
  1.24  0.579  1 46 14
  1.16  0.713  26 44 26 26
  4.98  0.954  26 24
   1.4  0.871  26 24 20 34 44 34 16 35 13
  2.05  0.677  49 30 49 35 30
  5.23  0.735  18 32 34 46 40
  1.12  0.736  48 16 0 38 6 48
   1.2  0.868  18 13 42 19
  1.42  0.833  16
  1.07  0.746  0 31 39
  1.07  0.721  0 39 12 42 18 19 2
  2.08  0.684  19 32 16 30 15
   1.5  0.616  15 14 1
  2.56  0.634  6 0 16 16
  1.57  0.716  6 0 16 0 16 21
  1.28  0.703  39 18 6 18 1 48 46
  2.17  0.649  26 21 34 4
  2.82    0.9  18 6 48 19 6
  7.82  0.778  46 14 29
  1.52  0.719  10 15 2
  1.52  0.501  29 1 34 38 12 13 5
  4.62  0.766  4 48 12 19 37
  1.02  0.667  19 18 48 19
  1.66  0.798  42 34 19 16 37 28
  1.82  0.886  30 16 44 10
  2.41  0.552  6 34
  2.86  0.676  46 37
  1.73  0.674  46 37 28 18 1
  1.73  0.845  47 2 1 15 34 1
  1.81  0.818  10 39
  3.78   0.74  34 43 29 28 24
  1.25  0.796  1 26 23 19 14
  1.88  0.612  20 35
  5.19  0.791  20 35 47 6
   1.2  0.911  6 16 32 46 43
  2.34  0.841  0 2 39 14
  1.08  0.698  44 6 13 6 14 18
  2.19   0.53  37 14 14
  2.05  0.724  48 37 18
  1.65  0.919  18 4
  2.82  0.818  4 15 1 19
  1.87  0.734  34 16
  1.51  0.869  16 32
  1.69   0.71  16 39 18 18
  2.22  0.744  47 29
  2.53  0.749  15 43 34 19 14
  2.07  0.661  37 34 21 26 28
   1.4  0.611  28 6
  1.12  0.813  18 19 15
  1.53  0.769  1 34 19 18 26 49
  1.05  0.683  43 44 32 16 34 16
  1.31  0.795  43 16 39 24 18 11 4
  2.76  0.691  24 1 15 26
   1.1  0.644  26 34 1 39
  1.16  0.711  34 14 11 18
  2.54  0.659  44 15 28
   1.4      1  34 34 30 15 30
  1.14  0.481  28 29
  2.46  0.813  26 34 38 34 19
  3.84  0.779  34 12 18 26 6 18
  1.59  0.638  14 6 14 19 45
  1.01  0.765  35 19 18 49 26
  1.11  0.624  1 33 28 35 6
  2.95  0.641  38 5 6 46
  2.59  0.774  38 21 6 1 14 12 18 21
  1.68  0.627  12 34 18 33
  2.05  0.634  14 28 12 32
  1.56  0.661  1 14 1 34 28
  1.12  0.669  0 48 48
  1.96  0.642  16 18 32 1 16 34 4
  1.09  0.632  15
  1.37  0.648  30 16 33 16
  2.43  0.749  33 30 11
  2.27  0.695  33 30 11 44
  1.39  0.591  46 8
   1.3   0.76  49 19 6
  1.13  0.731  28 44 48 19 6
  1.51   0.73  18 16 41
  1.67  0.674  16 41
  2.91  0.779  49 31 32 32 30
  1.22  0.881  30 14 16 28
  1.23  0.659  6 11 14 41 21 0
  1.14  0.686  0 18 18
  1.54  0.701  1 29 48
  1.77  0.822  12 14 14 18
  1.79  0.608  14 48 18 26 49
  4.73  0.719  28 7 15
  4.38  0.914  6 2 23 12 4
  1.01  0.732  28 18 18 12
   3.6  0.717  34 30 33
  3.23  0.732  12 14 37 14
  1.29  0.695  12 37 48 14 38 28 48 34
  1.93  0.842  15 1 18 26 32
  1.35  0.668  20 30 1 34
  1.58  0.707  30 34 1 18 1 3
  3.43  0.648  18 34
  1.37  0.718  11 46 19
  2.76  0.776  38 36 6 28 29
  1.75  0.709  28 4 30
  1.15  0.679  39 3 43 15
  4.83  0.781  20 6
  1.36  0.776  1 4 14
     2  0.728  4 14 31 8 18 16
  1.42  0.845  3 38 6 12
  2.37  0.655  12 19 42 19 18 21 34
  1.19  0.803  1 18 38 18
  1.04  0.782  3 32 6 16 30 34
  3.41  0.838  32 19 1
  1.59  0.663  12 12 6 24
  2.12  0.597  14 30 16 16 14
  2.59  0.868  21 13
  1.64  0.808  21 13 1 18 4
  2.23  0.916  37
  1.19  0.931  37 12 14 44 1
  1.23  0.708  37 12 8 34
  2.34  0.687  12 18 14 28 24 16
  1.46  0.742  42
  1.18  0.709  47 0 7 16 20
   1.1  0.702  49 14 45 14
  1.79  0.831  34 47 4 18 30
  1.11  0.805  18 41
  1.03  0.781  12 34 34
   3.2  0.708  46 21 3 6
  1.54  0.638  16 48 18
  1.08  0.708  11 34 11 18 16 24
  1.36  0.802  18 46 4 11 34 32 26
  1.33  0.765  42 34 38 19
     1  0.928  19 41 26 34 48 15 39
  2.42  0.617  26 11 21
  1.53  0.886  48 6
  2.94  0.665  4 26 34 38 6 1
  1.78  0.854  16 40 12 42
  2.17  0.663  32 10 26 43 1
  1.43  0.575  14 18
  1.01  0.843  28 48 45 26 44 1 30
  1.18  0.677  5 28 12 21 39 16
  1.63  0.755  5 28 12 39 16 18 21
  2.61  0.661  5 28
  2.58  0.709  42 6 30 19 41 18 42
  1.12  0.857  42 34
  1.39  0.798  29 6 18
  4.07  0.726  14 16 24 16
  1.53  0.791  49 49 32
  2.36  0.705  47 41 15 34 31
   2.1  0.861  15 44 15
  1.55  0.743  16 37 26 33 42 14
  1.68  0.788  38 4 34 35
  2.49  0.812  39 30 12 4
  1.51  0.917  31 6 12 12 18
  2.93  0.946  30 26 37 28 20
  2.82  0.572  1 14 48 39
  1.06  0.694  16
   3.5  0.767  18 19 26
  1.06  0.543  20 19 35 24
  2.32  0.819  14 49 47 44 18
  3.41  0.784  12 18 4 31
  3.13   0.82  19 34 34 15 18 44 0
  1.04  0.768  15 18 18 8 18 21
  2.61  0.712  29 14 1
  1.72  0.809  14 44 24 30
  1.29  0.768  29 8 6
  2.38  0.671  46
  4.36  0.662  46 24 33
  1.56  0.817  46 24 33 28 38 0 5 6 34 12
  4.78  0.855  33 48 2
  2.98  0.721  49 21 12
  1.09  0.722  33 48 30
  1.39  0.682  47 46
  1.01  0.705  0 14 16 14
   2.6   0.82  29 44
  1.09   0.81  22 32
  3.24  0.782  21 43
  3.25  0.541  43 39 12
  2.01  0.904  44 22 18 48 44 11
  2.16  0.705  22 12 14 19 48 13
  1.36  0.686  19 8 19 3 3 37
  1.72  0.813  4 26 41 14
  1.15  0.909  49 24 1 10 32 30
  3.06  0.527  18 34 48 23 34
  1.35  0.752  18 20 28 2 18
  2.44  0.766  26
   1.1  0.698  34 35 39 42 14
  2.97  0.837  24 6 19
  2.29  0.969  28 19 14 19 26 16
  5.58  0.929  44 18 46 30 14
  1.31  0.948  43 44 46
  1.82   0.82  12 19
   3.1  0.702  12 2 44
  1.68  0.729  6 19 0
  1.15  0.754  1 18 4 16 38 18 29
  1.57  0.826  44 46 26 28 3
  2.75  0.736  16 0 32
  4.89  0.688  44 1 18 6 18 21 14 28
  1.49  0.747  21 35
  2.39  0.678  14 47 41
  1.51  0.945  41 49
  1.09   0.57  41 49 2
  1.53  0.778  1 18 16 19 34
  5.66   0.85  39 1 18 16 21
  2.72   0.61  3 21 18 10 19
  1.24  0.595  19 30 20 22 20 39
  1.38  0.916  22 34 12 26
  1.65  0.723  22 12 26 29
  1.54  0.584  22 12 26 29 5
  1.68  0.761  30 47
  1.52  0.661  47 1 49
  1.02  0.653  34 39 46 18
  1.28  0.508  4 40 18 2 28 6 21
  1.61  0.749  47 30 18 22 30 43 42 11 34
  1.61  0.627  6 12 46
  1.74  0.679  42 2
   1.6  0.898  38 46 7 8
  1.49  0.761  31 41 14 42 6
  3.22  0.701  18 32 13 37 18 24 29
   3.1  0.847  42 8 49
  2.33  0.702  14 19 42 34 18
  1.06  0.714  14 45 16
  1.33  0.758  30
  1.37  0.884  18 30
  3.31  0.728  20 0
  1.64  0.856  3 35
  3.34  0.962  43 14
  4.13  0.739  18 42
  1.16  0.809  18 11 32
  2.35  0.629  24 18
  1.58  0.761  18 0 16 19
  1.74  0.862  20 34
  1.61    0.6  32 28 32 1 19 42 34
  4.47  0.874  12 49
  5.13  0.636  49 18 30 15 19
  1.06  0.894  5 39 30
  1.13  0.636  48 33
  1.05  0.744  3 1 26
  1.81  0.741  8 32
  1.48  0.848  15 1 32
   2.8  0.767  37 11
  2.28  0.841  14 3
  2.19  0.848  23 18
  3.68  0.863  25 49
  1.84  0.633  30 37 30
  1.67  0.726  10
  2.51  0.662  10 19 30 30
  1.26  0.698  18 32 25 14 47 4
  1.84  0.709  14 32 4 30 29 19
  1.61  0.947  41 6
  2.03  0.816  1 6 28
  1.55   0.85  18 28 46
  2.82  0.717  24 4
   1.5  0.639  4 35 6 44
  3.61  0.706  21 32 11 39
  1.33  0.617  42 15 26 48 37 6 11
   1.4  0.671  15 29 34 42
  3.66  0.687  35
   1.6  0.742  6 41 40 4 38
  1.36  0.696  49
  3.07  0.676  44 1
  2.96  0.854  44 14 49 34
  1.66  0.717  44 31 39 4
  1.09  0.798  2 20 32 9
  1.54  0.707  14 18
  3.11  0.741  18 26
  2.05  0.803  0 42 1 46 12
  1.66  0.625  14 44
  3.19  0.627  14 1 14 26 14 0
  1.01  0.861  4 47 15
  2.19  0.865  15 16 15 47 44 14
  1.36  0.612  15 19 44
  1.81  0.845  6 12 49 23 42 14 0
  4.71  0.648  14 49 37
  1.08  0.639  34 3 4 6 26 21
  3.64  0.825  6 49 38
  1.09  0.656  6 38 10 1 39 30
  2.28  0.648  13 14 28 11 13
  2.67   0.77  18 10
  2.36  0.749  4 18 16 18 30 30
  1.21  0.882  3 8 18 28 26 14 5 48
     1  0.677  28 26 30 42
  2.02  0.788  38 19 1 41 26 49
  2.45  0.932  46 49 13 39
  1.64  0.743  34 35 11
  2.34  0.817  36 3 47 44 15
  2.35  0.812  15 33 4 48
  1.25  0.596  14 11 19
  2.93  0.791  1 38
  1.19  0.739  18 49 21 44
  1.09  0.763  2 1 19
  3.47   1.09  28
   1.6  0.886  37 12
   4.3  0.693  6 48 41
  2.57  0.657  6 45 24 49 12 14 20
  1.36  0.741  18 41 18 29
  1.67  0.842  16 19 34 18
   1.8   1.01  4 32 30
  1.42  0.663  19 2 42 5 46 18 10
  4.74  0.843  43 18 11
  1.11  0.736  34 2 32
   1.3  0.707  32 49
  1.35  0.636  2 23 29
   1.1  0.776  12 49 30 38 6 49
   3.1  0.812  34
  1.22  0.918  42 16
  1.15  0.771  42 16 41 30 13 14 32
  2.79  0.859  16 43 49
  2.92  0.672  41 3
  1.13  0.596  41 48 41 11 15
   1.1  0.775  48 15 30 47 18
  3.65  0.642  36 19 3 16 37 36 20
  1.85  0.621  15 3 14 34 14 18 14 32
  2.01  0.976  23 27 34 1 26 30
  2.12  0.639  44 25 37 48 39
  1.13  0.892  37 39 38 49 34 1 42 14 39 46
  4.13  0.776  11 4
  2.39  0.861  11 18 42
  2.28  0.869  18 23 23
  1.59  0.737  42 35
  1.75  0.816  42 32 42 47 31 39 35 16 13
  2.81  0.769  34 21
     2  0.782  21 16 14
  1.14  0.858  16 48 14
  1.06  0.802  1 30 14 49
  3.85  0.757  0
  1.53  0.665  34 16 23
  3.16  0.806  25 43 37 21 48
  1.27  0.482  43 15 8 22 22
  4.13  0.757  15 26 14 41
  1.82  0.677  19 34 45 44
  3.19  0.655  18 15 12 48
  2.08  0.665  15 15 14
  3.64  0.608  44 14 34
  1.42  0.957  48 38 14 18 6
  1.55  0.782  44 6 26 23 28
  2.34  0.701  15 15
  1.45  0.624  23 46
  3.11  0.934  22 28
  1.68  0.726  18 1 39 16
  1.59  0.631  44 34 47 44
   1.3  0.723  5 26 18 20 34 14 34
  1.17  0.627  0 0 6
  1.57  0.854  30 19 6 1 34 18
  1.02  0.763  3 18 16
  1.24   0.65  4 26 14 21 19 45 20
  1.47  0.666  26 41 41 16
  1.29  0.769  16 25 21 14
  1.01  0.821  26
  1.83  0.609  6 48 44 39 16
  1.23  0.743  18 16 34 30
   1.5   0.69  37 3
  1.26  0.916  47 14 28
  1.61  0.616  0 11 15 6 32
  1.61   0.62  11 15 6 29 44 30
  2.27  0.728  14 10 48 16 32
  1.01  0.758  16 19 39 48
  4.48  0.666  20 46 39
  1.38  0.659  20 6 34 1 34 39 18
  2.13  0.736  34 23 26 28
  1.76  0.738  0 1 35
  1.55   0.85  1 30
  2.73  0.845  1 14 34 4 1
  1.38  0.871  16 49
   1.5  0.596  14 14 49 30
  1.86  0.718  5 5 24 5 14
  1.08  0.799  30 47 18 41
  1.29  0.787  30 26 12 46 21 31 19 14 44 44
  2.06  0.725  32 46
  1.71  0.653  30 12
  1.17  0.665  12 26 44
  1.52  0.883  26 4 6 18
  1.39  0.772  44 20 5
   1.5  0.778  20 14 14 49 6 18
  1.14  0.775  20 49 41 48 24
  6.77  0.867  49 12 46
  1.53  0.934  21 11 41 43 41
  1.28  0.682  48 11 46
  1.22  0.631  18 49 48
  1.62  0.883  10 10 19 1
  2.06  0.655  24 14 48
  3.07  0.803  43 39 1
  4.49  0.838  29 11 18 19 13
  1.61  0.698  33 39 41 46
  3.26  0.757  10 34 21
  3.92  0.748  1 2 18
  1.08  0.746  1 2 18 34 19 34 32 43
  3.52  0.743  34 37 19 16
   1.5  0.744  37 49 34 14 30
  2.16  0.635  29 4 32
  1.71  0.764  21 21 41 15 34
  1.53  0.677  37 16 46
   3.5  0.672  37 16 18 0 2 34
  2.72  0.783  37 0 4
  1.47  0.943  37 0 4 41 2 14
  1.44  0.655  19 18 12 31 34
  1.93  0.735  33 30 34
  2.64  0.818  1 3 30 0 34 2
  1.53  0.711  6 34 4 14
  1.44  0.676  12 38 13 26 34
  1.74  0.628  18 29 2 5
  1.41   0.92  4 32 2 48 45 32
  1.11  0.655  10 34 18
  2.08  0.587  16 34 13
  2.33  0.676  12
     1  0.757  6 44
  1.44  0.841  6 32 14 37 39
  1.72  0.953  14 18 30 29 41 48 42 46
  2.34  0.916  34 20 21 1
  1.17  0.666  39 46 18
  3.75  0.547  38 48 18 6 21 46
  2.66  0.755  14 32 42
  1.32  0.698  16 47 18
  1.19  0.617  16 18 49 16 3
  1.72  0.704  38 20 26 25 37 49
  2.62  0.668  12 18 4 26
  1.32  0.779  16 43 15 4
  2.01    0.7  43 44 19 39
  1.38  0.569  44 19 41
  1.43  0.644  34 19 14 34 30 20
  1.85  0.763  10 24
  2.56  0.752  18 19 13 2
  2.17  0.737  19 13 37 33 31
  1.63  0.805  14 32 30
  2.82  0.678  48 32 4 30
  2.14  0.653  0 30 46 16
  1.05  0.712  3 32 11 38
     2  0.738  26 32 36
  1.52  0.758  32 6 29 48 5 12
  1.32  0.782  18 1 11
  2.05  0.704  2 16 6 49 19
  2.91  0.909  2 16 37 34
  1.53  0.763  6 6
  1.29  0.799  32
   2.1  0.931  2 1
  1.94  0.775  18 1
  1.26  0.891  16 20 34
  1.87  0.626  26 4 16 18 19
  1.37  0.714  6 1 6
   3.9  0.811  4 26 28 32 19
  2.37  0.779  34 8 15 38
  1.21  0.804  32 12 39
  1.09  0.931  6 24 16
  4.12   0.68  41 8 18 28 34
   4.2  0.875  45 39 46
  1.84  0.728  11 28
  2.69  0.775  21 47 6 32 46
  2.31  0.727  23
  1.18  0.945  4 23
  2.97  0.632  29 38
  1.81  0.737  37
  1.25  0.728  33 31 30 6 19
  2.05  0.681  33 31 6 19 11 32 8
  2.41  0.667  26 20 2 24 15
  1.01  0.822  12 16 34 6 16 18 3
  1.15  0.613  19 15 21 30 0 14 47
  3.02  0.864  12 48 42 42
  3.93  0.857  25 1 6 46
  2.88   0.71  47 19 30 34 14 20
  1.04  0.882  21 14 32 16 42
  3.16  0.652  14
  1.38    0.8  14 32 37 40 47 15 16 32 46 44
  1.01  0.724  47 34 16 21 3
  1.87   0.93  47 16 3 26 19 34 44
  1.59   0.86  19 32 10
  1.51  0.762  46 1 39 29 1
  2.23  0.711  15 12 16
  2.42  0.563  13 29 44
  2.35  0.804  3 43 1 30 10
  2.94   0.89  43 30 42
  1.95  0.669  26 34
  1.06  0.837  26 0
  2.53   0.88  26 42 44 14 11
  2.05  0.621  6 18 1 39
  1.61  0.712  6 44 1 1 35 14 42 38
  1.46  0.785  35 8 19 48
  1.14   0.71  38 34 48 30 41
  1.27  0.786  38 3 29 8 18
  2.21  0.686  44 21 4 48 34
  1.38  0.794  21 19 18 22
   2.1  0.886  19 18 21 33 39 15 2 11 36
  3.19  0.672  18 32 49 14
  1.55  0.821  6 2 32 39
  1.56  0.832  6 39 43 44
  1.39  0.751  39 46
  1.22  0.573  5 15 16 30 18 2
  1.17  0.676  6 34 18
  1.24  0.642  16 18
  2.15  0.921  0 18 16 41 16
  1.12  0.683  11 6 4 4
  2.46  0.763  4 0 0
  2.34  0.872  42 46 16 32 20 4 6 19
     1   0.87  47 26 19 28
  1.34  0.884  39 26 47 10
  1.66  0.731  11 36 29 5
  2.16  0.645  11 30 28 6 48
  2.56  0.708  16 15 19 37 0 12
  1.27  0.626  19 12 19 46 6 1
  1.18  0.783  18 18 26
  3.68  0.661  20 14
  3.03  0.662  14 42 16 48
   1.2  0.758  18
  3.58  0.807  14 31 14
  3.47  0.747  35
  2.43  0.739  35 2 18 19 31
  3.07  0.623  2 18 46 16 44
  1.26  0.679  30 6 14
     1  0.719  14 11
  1.08   0.89  34 18 29 34
  5.64  0.692  48 34 1 18 35
  1.73  0.618  16 19
  2.15  0.675  14 18 45
  2.34  0.702  48 48 18 0 49
   3.2  0.842  48 48 18 0 49 34 48
  1.42  0.672  3 10 19
  2.29  0.709  3 19 30
  3.99  0.516  21 19 49 44 44
  1.21  0.748  14 20 35 14 18
  1.69  0.709  29 14 8
  1.48  0.788  21 2 16 32 16 49 10
  1.37  0.827  21 18 46
   2.5  0.825  24 0 3 44 16
  1.56  0.712  34 30 14 1
  1.65  0.813  34 43 18 18 34 18
  2.52  0.689  15 25 0 11 41 41
  1.12  0.814  26 8 15 26 1
  1.57  0.853  31 35 0
  5.06  0.723  37 14
   2.3  0.655  37 14 18 1 34 20
  1.28  0.662  37 18
  1.09  0.814  30 47 29
   2.6  0.646  14 19 14
   1.9  0.504  21 18 29 49
  4.65  0.728  18 8 24
  1.14  0.785  14 35 15 10
  1.35  0.733  19 49 42
  1.29  0.771  19 16 6
  2.02  0.719  39 24 34 32 20 6
  1.35  0.729  32 35 20 14 42 34
  2.17  0.888  20 49 16 48 6
  2.97  0.961  14 24 12
  3.46  0.781  23
  1.54  0.706  1
  1.66  0.883  14 14 15 25 38 18 49 30
  1.18  0.801  18 25
  1.58  0.712  46 41
  2.85  0.797  22 34 37 46 18 16
  1.43  0.729  13 32 34 34
  3.52  0.637  34 16 15 38 32
  3.45  0.648  30 48 48 24 15
  2.42  0.647  14 30 28 43
  1.54  0.788  14 18 29
  3.35   0.82  14 18 29 1
  1.16  0.913  18 42 23 12
  1.12  0.697  26 26 32
     3  0.727  45 14 14 5 39 19
  2.24  0.737  39 45 44 10
  1.18  0.738  18 11 46
  1.23  0.632  18 26 24 1
  1.04  0.718  6 34 44 39
   2.1  0.547  39 46
  2.37  0.808  12 3 21
  1.12  0.599  45 4 29 35 34
  2.08  0.708  30 21 20 21
  1.64  0.744  6 48 34 19
  3.49  0.719  35 14 0
  1.15  0.855  0 6
  1.24  0.765  48 32 45 34 15
  2.67  0.736  0 34 26
  1.76  0.664  0 34 26 46 42 14 42 5 18
  2.02  0.629  5 5 32 32
  1.48  0.687  6 0
  2.94  0.649  14 42
  1.92  0.673  49 4 4
  5.08  0.735  14 4 42 47
   1.1    0.7  49 4 4 44 32
  3.03  0.637  49 16 16 18 32 3
  1.92   0.69  43
  1.17  0.623  32 32 16 6 5 18 16 33
  2.03  0.682  47 20 23 26 48 20
  2.64  0.659  26 48 34 14 19 18
  1.83  0.694  19 2 29 3
  2.47  0.677  35 34 12 48 19 14
  1.06  0.631  32 42 42 18 44 42
  1.51  0.684  30 14 28
  3.29  0.747  16 24 14 8 5
   1.5   0.77  16 14 4 49 29 1 34 18
  1.01  0.798  15 16 45 48
  3.01  0.745  14 41 44 19
   1.6  0.663  26 18 30
  1.04   0.68  10 32 30 47
  1.11  0.732  18 14
  3.72  0.628  31 6
  1.91  0.526  5 4 13
  1.06  0.792  26 14 34
  2.47  0.699  11 15 2 48 14
  1.74   0.57  38 10 14
  1.05  0.635  1 16 46 30 20 6
  1.34  0.927  1 21 14 41
  1.18  0.788  24 48 14
  1.38  0.701  1 6 39 30 6
  7.11  0.541  8 38 49 39
  2.16  0.782  39 12 28 18 30
  1.48  0.736  39 12 42
  4.07  0.696  39 42 19 18 8 1
   2.6  0.689  39 14 37 31 42 4 34 34 31
  1.12  0.621  4 33 34 30 9
  2.35  0.726  30 32 4 12
  3.66  0.686  19 4 13 48 18
  1.07  0.785  32 18 35 41
  2.56  0.814  6 44 6 18 28
  2.07   0.72  6 6 49 19
  2.72  0.771  20 18 30 14
  2.49  0.789  2 28 34 30 14
  2.56   0.72  15 49
  4.65  0.771  11 13
   2.9  0.509  14 15 39 14 1
  1.01  0.694  29 6 16 30 14
  1.08  0.687  11 24 2 6 41
  1.45  0.728  3 49 12 29 44
  1.45  0.829  37
  3.92  0.637  21 12 4 34 42
  1.19  0.764  12 34 28 34 6
  1.18  0.602  34 6 19 6 30 48
  2.54  0.937  25 12 18
  1.32  0.656  34 49 0 18
   5.1  0.794  0 16
  2.22  0.806  0 21 26 32
   1.5  0.744  0 21 19 34 31 34 38 14 34 19
  1.06  0.852  31 7 49
  1.05  0.725  29 46 47 38
  2.44  0.784  14 16
  1.29  0.819  38 46 28
  2.57  0.794  12 12 12 29
  3.92  0.817  42 18 49 0
   1.1  0.692  42 18 49 0 34
  1.37  0.852  42 18 34
  1.23  0.767  19 14 19
  1.14  0.736  49 14 26
  1.05  0.693  37 46 46
  2.21  0.737  48 18
  1.59  0.572  18 47
  2.51  0.878  18 18
  3.04  0.741  18 43 48 39 31 37
   1.1  0.709  12 41 1 18
  2.53  0.693  18 6 48 38 6
  1.26  0.874  48 28
  1.47  0.787  48 34 48
  3.71  0.767  45 11 14 8 32 38
  3.88  0.584  32 41 4 1 46 0
  1.98  0.618  29 34 20
  1.51   0.56  18 14 6 21
  1.88  0.652  0 19 15 18 34 11 6 14 48 5 24 26
  3.12  0.869  33 46 18 3 14
  1.08  0.689  29 14 48 26
  1.34  0.798  18 8
  3.39  0.734  2 44
  1.94  0.734  44 47 16 46 11 39
  1.66  0.843  39 24 49
  2.79  0.616  13 10 16
  1.25  0.708  16 29
  1.96  0.655  16 29 1 15 39 18 48
  1.34  0.754  5 14 49 18
  1.15  0.819  14 49 39 1 30 48 43
  1.07  0.652  14 18 34
  1.51  0.858  23 15 49
  1.14  0.778  42 39 46 34
  5.18  0.801  26 28 1 6 18 18 44
  1.75  0.729  2 12 26 19 14
  6.67  0.683  6 3
  1.21  0.746  3 33 48 38 38
  1.08  0.854  34 4
  2.88  0.873  34 4 20 1 18 34
   1.1  0.799  4 34 2 26 39
  1.39  0.773  32
  1.07   0.68  1 39 42
  1.74  0.721  3 12
  1.02  0.785  14 30
   2.8  0.595  0 48 3 18 31 35 29
  2.05  0.739  31 41
  2.75  0.717  37 19
  1.21   0.88  29 14 6 18
   2.2  0.694  26 42 11 35 31 41 14 14 47 18 6 19
  1.05   0.87  38 49 1
  2.53  0.674  1 18 35
  2.57  0.762  18 20 8
  1.34  0.872  48 13 4 14
  1.53  0.938  39 31 18 46 48 4
  4.25  0.585  30 38 5 4 31
  1.54  0.958  0 32 14 34 14 47 15 24 4
  1.08  0.537  1 0 42 34
  1.22  0.741  26 16 2
  1.95  0.844  14 5 48 14 48
   1.6  0.754  32 46 18 42 34
  2.68  0.817  42 4 15
  1.42  0.841  32 16 14 34
  1.36  0.874  32 14 34
  2.94  0.664  1 14 4 32
  2.07  0.689  1 18 32
  6.35  0.775  18 34 32 34 14
  8.18  0.979  34 6 37 3 19
   1.9  0.743  48 18 39 19 44 1 32 20 45
   3.5  0.758  4 18 46
   1.5  0.745  19 1
  1.07  0.755  19 19 44 4 24
  2.86  0.722  48 15 30
  3.87  0.856  44 34 34 38
  5.86  0.701  19 19 39
  1.02  0.718  28 48 11
  1.52  0.766  34
  1.13  0.691  16 37 44 30 42
  1.04  0.706  18 26 3 4 39
  1.16  0.846  24 18 24 49 14 24
   2.6  0.762  18
  3.79  0.673  18 6 37 28 28 11 34
  2.15  0.836  18 37 28 11 13
  1.34  0.775  37 18 28 14 0
  1.16  0.689  29 26 43 4
  1.93  0.692  14 28 16 42
  1.37  0.698  34 30 18 1 26 10 15 37
  1.09  0.627  34 18 4 3 15 19 14 14
  1.02  0.745  2 41
  1.62   0.73  30 5
  1.69  0.708  30 5 48 30
  2.93  0.705  18 12 1 42 14 42
  1.65  0.867  18 14
  2.19  0.924  12 32 16 14 49
  1.77  0.831  48 14 46 41
  1.26  0.839  33 30
  1.58   0.64  48 14 22
  5.83  0.742  46 16 43
  1.17  0.813  15 48 44 28 6
  1.24  0.606  21 49 19
  1.44   0.68  3 39 14 19 18
  1.02  0.636  3 14 19 18
  3.54  0.681  15 16 48 34 26 49
  6.56   0.67  48 2 30 32 46
  1.83  0.743  32 46 30 15 28 11 4
  1.67  0.769  18 30 31
  1.27  0.872  14 26 16
  2.98   0.77  14 26 16 19 29 26
  2.29  0.857  25 31 33
  1.03  0.721  26 18
  1.88   0.69  21 10 6 1
  1.74  0.718  10 6 1 20 30 18 14
  1.44   0.86  28
  1.75  0.691  28 18 18 0 14 48
  2.05  0.718  5 48 12 33
  1.16  0.717  14
  2.44  0.684  20 21 18 25
  2.71  0.537  6 14 16
  2.47  0.729  34 1 24 6 38
  1.03  0.779  4 46 1 34 43
  1.04  0.781  30 18
  4.36  0.575  30 18 18 6
  3.84  0.975  31 38 30 14 48
  1.23  0.849  25 42 29 34 41
  1.14  0.742  46 34
   2.1  0.861  18 2
  2.18  0.639  19
  1.83  0.819  19 48 14 26
  1.27  0.808  6 16
  1.59  0.607  14 38 32 35 14
  2.97  0.834  32 34
  1.29  0.781  32 18 18 30
   2.6  0.749  32 18 41 33 49 4
  1.48  0.569  1
  1.77  0.533  34 14 37 28 14 29
  2.44  0.808  32 6 3
  1.13  0.672  44 2 44 1
  2.46  0.864  20 1 22 44 1 18 34
  1.16  0.662  1 18 34 28
  1.86  0.757  49 12 14
  1.14  0.833  18 14 20
  4.04  0.612  14
  1.34  0.761  14 33 14
  2.15  0.749  26 12 11 46
  1.95   0.63  49 18 42 30 22
  4.92  0.749  39 49 6 19 18 35 13
  3.33  0.631  26 14
  3.76  0.801  18 18 34 0 1 1 12 49
  1.33  0.801  32 11 42 34 2 48
  1.87   0.74  26 0 14
  1.77  0.763  26 0 19 22 34 18 30
  1.22  0.695  30 16 31
  1.42  0.707  4 14 19 5 18
  2.49  0.561  37 32 36
  1.16  0.721  37 29 26 19 6
  1.38  0.748  6 6 15
   1.3   0.75  15 6
  1.33   0.57  6 21 30 41
  1.38  0.821  30 13
  1.62   0.82  19 30 18 16 19 49 38 14 12
  1.89  0.922  30 11 18
  2.45  0.575  37 26
  1.54  0.779  37 43
  1.05  0.837  14 42 14 16
  1.52  0.908  14 19
  1.51  0.788  24 21 43
  1.42  0.713  18 34 21 49 4 12 28
  1.03  0.772  18 18 13
  2.27  0.664  37 11
  1.14  0.629  12 1 2
  2.04  0.783  3 37 41 1
  1.18  0.885  37 1 42 18 0
  2.33  0.794  29 47 21 25 18 14
  1.18  0.716  16 26 34 28 34 14 30 28 42
   1.6  0.707  16 42 41 28 39
  1.59  0.746  16 1 24 18
  1.19  0.642  46 30 11 32 2
  1.33   0.94  30 35 0 14
  1.66  0.744  18 10 19 3
  2.78  0.709  19 25 12 11 4 0 14
  1.91  0.759  41 18
  1.62  0.761  44 30
  1.01  0.631  46 22 18
   1.1  0.747  42 14 2
  1.22  0.769  42 14 2 29 6 29 48 18
  2.64  0.738  4 48 18 18 2 14 6
  1.17  0.719  18 4 18 16 37 18 43
  3.96  0.679  28
  1.37  0.926  21 34 16
  2.48  0.589  14 26 30
  1.38  0.864  26 29 10 0 20
   3.8  0.686  49 41
  1.44  0.821  41 16 21
  2.57  0.506  15 1 30
  1.07  0.746  48
  3.47  0.735  44 26 3 26 46 16 26 18 37
  1.08  0.809  43 30
  2.97  0.734  13 47
  2.96   0.93  19 8 30 19
  2.05  0.633  19 26 14 19
  1.96  0.712  11
  1.32  0.737  26 4 19 4 13 28 2 14
  2.16  0.634  6 28
  1.17  0.742  29 4 34
  1.61  0.723  16 18 42
     1  0.771  14 14 30
  2.27  0.691  14 14 30 24 30 3 44
  1.82  0.739  31
  1.15  0.729  31 32 19 37 49 30
  1.51   0.82  48 15 6
  2.43  0.726  18 12 6 45 20 34 14 18 46
  1.44  0.673  46 12 42
  1.76  0.801  23 34 34 11 33 0
  1.98  0.757  18 28 1 6 49 19
  4.81  0.869  20 12
  1.05  0.753  18 5 41 41
  1.13   0.63  42 33 16 19
   2.6  0.644  14 28 19 35
  1.33  0.571  28 18 30 4 1 18
   1.1  0.932  35 38 49
  1.15  0.794  4 48 44 30 37 15 20
  1.13  0.711  4 44
  2.97  0.653  18 19
  1.07  0.774  30 48 15
  1.11  0.714  30 48 15 14
  4.78  0.773  14 12 16
   1.1  0.552  14 16 19
  1.05  0.858  14 46 30
   2.4  0.583  16 0 14
   1.6  0.672  19 18 42 34 31 10 47 19
  1.81   0.81  14 34 14 14 14 8
  1.51  0.859  14 14 14 5 11 34 34
  1.59    0.8  14 10
  1.23  0.763  22 26 19
  1.29  0.683  12
  1.91   0.82  19 33 29 6 47 41
  3.79  0.548  46 38 38
  1.27  0.771  15 29 42 34
  1.23  0.891  6 30
   1.5   0.84  26 4 48
  2.86  0.766  49 24 46 18 14
  1.58  0.864  34 6
  2.31  0.917  34 6 18
  4.58  0.686  46 34
  1.32  0.803  14
  1.57  0.771  14 11 49
  1.15  0.861  0 16
  1.16  0.751  0 16 38 12 44 14
  2.52   0.77  16 37 48 10
  1.09  0.838  37 37 15 15 26 1 6 34
  1.81   0.71  1
  1.54  0.779  39 11 28
  4.77  0.763  48 33 1 42 1
  1.47  0.618  20 1 38 8
  3.39  0.723  41 45 14
  1.78    0.7  41 21 11
  1.75  0.757  30 6 1 34 19 39
  2.82  0.838  14 34 6 34 18 34
  1.66  0.612  18 10 28
  2.01  0.567  16 42
  3.47  0.925  16 4 16 16 14
  1.19  0.836  16 29 38
  2.66  0.686  49 14
  4.77  0.823  33 34 42
   1.3   0.87  33 34 6 30 3 30 4
  3.08  0.746  30 46 48 14 30 12
  1.28  0.785  18 19 21 6 1 2 14
  2.02  0.795  13 34 10 1 12
  1.29  0.724  44 24 26
  2.04  0.797  6 6 19 6 18 14 41
  2.92  0.837  19 18 42 29 28 18
  1.42   0.61  34 42 34
  4.07  0.795  11
   1.2  0.754  8 16 30
  1.24  0.898  37
  1.34   0.59  0 6 42
  1.74  0.938  0 6 19 46
  1.11  0.731  46 18 32 41
  1.33  0.769  26 44 3 40
  2.85   0.86  1
  3.06  0.738  6 9 42 0 48
  1.43  0.737  26 11
   1.3  0.772  35 18
  2.08  0.738  30 32 22 44
  2.78   0.62  22 32
  2.02  0.501  2 42 10
  1.31  0.778  49 42 32 4 26
  1.36  0.727  42 43 37 11 18
  3.99   0.74  6 49 1 16 32
  2.01  0.776  18 26 14 33 2
  2.25  0.709  48 32 14 30
  3.13  0.719  30 42 0 44
  1.35  0.637  34 20 5
  1.13  0.701  34 20 5 38 18 1
   1.1  0.836  5 1 1
  1.41  0.733  0 47 14 43 12
  3.92  0.797  11 41 2
  1.31  0.695  34 43 4 16 5
     3  0.711  4 46 24
  2.82  0.734  46 18 48 30
  2.21  0.664  30 44 32 4 44
  1.41  0.977  44 14 30 14 9
  4.79  0.772  28 46 28
  2.92  0.716  46 1 34 11 31 35
  2.78  0.535  11 21 34 39 1
  1.05  0.789  34 26 30 42
  1.72  0.757  1 30 0 4
  1.88  0.826  1
  1.26  0.937  39 35 34 0 18 12
  1.45  0.794  35 34 26 37
  1.97  0.807  28 34
  2.44  0.635  1 7 6 19
  1.06  0.609  4 29 47
  2.57  0.662  12 44 16 16 16
  1.57  0.923  43 18 24
  1.72  0.629  24 18 21 25
  2.05  0.835  21 1 0
  1.47  0.673  18 14
  2.35  0.651  0 19 14 35 44 32 12 43
  4.78  0.651  26 18 20 28 14
  1.44  0.789  24 1 0 37 34
  2.46  0.588  1 14 20 6
  5.45  0.763  32 4
  1.84  0.678  15 41 48
  2.83  0.593  41 14 46
  1.44   0.94  23 34 13 8 18 24
  2.15  0.642  30 10 4
  1.49  0.712  2 38 38
   3.3  0.778  28 34 18 18
  1.99  0.895  18 2 40
   3.6  0.743  2 16 4 16
     1  0.795  21 3
  1.59  0.771  21 3 16 26 41 3 34 30 19 11 2 14
  6.25  0.558  2 6 37
  1.27   0.78  38 32 16 26
  3.03  0.694  26 10 24
  1.63  0.781  34 29 41 18 6
  1.21  0.666  3 43
  1.07  0.734  9 30 4
  3.43  0.811  48 16 46 42 21
  1.29  0.764  48 2 16 26 39
  3.69  0.662  20 46 49
  1.84   1.01  16 39
  2.59  0.839  2 19
  1.86  0.715  18 34 0 29 33 11
  1.03   0.82  18 34 0 29 33 11
  2.88  0.842  4 16 4 19 43 2
  2.36  0.762  41 30 12 14 1 13 35
  1.38  0.791  6 39 38
  1.76  0.615  18 18 48
  1.27  0.844  18 26 30
  3.88  0.799  15 39 26 14 16
  1.11  0.765  44 19 39
  3.09   0.75  44 38 29
  1.44  0.638  38 34 49 45 0 34
  1.22  0.926  45 34
  1.05  0.792  1 14 30 4 12
  2.71  0.684  31 18 14
  1.81  0.599  34 48
  2.62  0.628  48 2
  1.68  0.679  11 15 46 39 38
  1.65  0.705  26 43 0 10 29
  1.15   1.07  29 6
  3.51  0.953  46 28
  2.52  0.761  47 49
  1.63  0.615  24 18 0
  1.48  0.601  18 4
  1.39  0.668  26 18
  1.07  0.736  35 14 49 39 28 5
   1.7  0.743  30 16 16 28
  1.04  0.639  46 32 19 15 3
  1.87   0.69  46 32 19 3 18 34 18 34
  1.17  0.708  34 34 47 32 46 34
  2.09  0.801  34 34 34 22 42 35
  1.22  0.788  43 11 29
  1.34  0.878  26 18 4
  1.71  0.779  4 42 0 44
   1.1  0.888  19 30 18 16
  2.53  0.737  22 1 21 34 29 0
  1.25  0.716  6 19 14 32 21
  1.34  0.766  37 14
  1.05  0.607  37 21 42 34 30
  9.63  0.869  48 15 47 34 26
  2.03  0.859  18 34 12 19 14 26 38
  2.63  0.777  29 11 29 34 6
  1.18  0.672  8 14
  2.58  0.826  26 9 31 30 47
  1.92  0.678  18 6 18 14 14
  1.35  0.616  34 30 18 11 18
  1.29  0.711  16 46 14 14 2
  1.21  0.746  0 30 11
  2.16  0.768  38 30 2 6 31
  2.94  0.865  18 26 14
  3.79  0.814  26 34 49 43 18 2
  1.31  0.623  15 6
   1.3  0.615  14 43 34 0
  1.28  0.575  29 14
  1.71  0.719  28
  1.18  0.889  48 34
   3.3  0.791  26 26 19
  2.76  0.914  26 42 14 30 8 18 38
  1.51  0.889  19 30
   1.1  0.572  14 19 46 4 16
  2.79   0.61  34 1 18
  1.35   0.83  19 26 14
  2.81  0.666  14 18 12
  1.62  0.676  14 18 12 37 39
  1.02  0.774  43 6
  1.22  0.662  4 14 26 19 16
  1.85  0.766  19
  1.14  0.942  41 11 2 14 46 14
  2.95  0.553  4 48 16 18 37 9 24
  2.71  0.804  38 30 2 9 32 19 38
  1.11  0.785  38 10 41
  1.52  0.816  10 6 32 49
  2.32  0.613  10 6 32 48 14 3
  1.21  0.927  16 33 29 19 19
  1.59   0.65  43 1 46 1 46
  1.16  0.676  28 28 34 4
  2.91  0.863  6 48
  2.13  0.647  16
  1.19  0.841  16 48 4 34
  2.76  0.752  16 48 4 34
  1.91  0.622  32 30 35 6 6
  2.82  0.805  39 6 4 15
  1.19  0.826  6 15
  1.85  0.682  1 6 48 2 11 43
  3.98   0.78  1 6 48 2 43 14
  2.23  0.738  1 6 14 2 5 18 6
  1.75   0.89  14 18 36 38 30 1 14
  1.95  0.871  21 4 5 47
  2.01  0.853  23 12 30 38
  1.35  0.614  26 30 23
  1.41  0.836  45
  1.46  0.844  43 34 6
  2.61  0.633  43 32 30 44 6
  1.05   0.88  12 18 39 19
  1.61  0.889  19 25 16 39 14
  1.09  0.863  13 11 14 46
  1.54  0.691  44 28 30 48 30
  1.12  0.699  26 39 14 44 1 18 8 47
  1.82  0.727  13 4
  1.53  0.607  4 14 35 26 4 44
  3.19  0.814  4 18 0 32 6 26
  5.18  0.762  32 0 3 20 38 18 30 26
  1.43  0.886  14 46 16 11 14 18 7
  2.39  0.764  14 14 15 15 30
  1.37  0.697  5 41 18 18
  4.36  0.664  18 18 2
  2.47  0.818  18 2 28
  2.42  0.803  1 20 9 46 2 47 4
  1.98  0.872  49 49 18 48 18
  1.19  0.811  18 1 48 34 32
  1.32   0.86  1 34 20 3 44 15
   1.3  0.816  19
  2.15  0.644  39
  1.89  0.645  1 6
  1.56  0.784  1 34 34 0 13
  2.71  0.642  34 37
  2.18  0.681  42 29 42 18 38
  3.44  0.688  34 0 48
  1.41  0.819  32 14 19 25 47
  1.51  0.817  21 19 30 18
  1.45  0.676  20 1 5 43 18
  3.76  0.752  18 14 16
  1.14  0.655  44 4 14 16 9
  2.14   0.81  11 14 48 47
  1.97  0.835  15 19 19 2 47
  1.26  0.541  34
  1.08  0.753  34 1 44 30
  1.39   0.81  0 48 43 14 37
  1.83  0.642  28 6 9 34 37
  1.53  0.809  41 32 6
  1.02   0.74  41 12 49 11 14
  1.57  0.787  18 20
  3.49  0.608  20 29
   1.3  0.804  32 38 28
  1.16  0.837  39 34 8 29
  3.21  0.891  44 48 24 6 18
  1.17  0.835  6 0 30
  1.39  0.798  0 30 15 18 38
  1.26  0.815  16 48 14 46 0
  2.24  0.676  12
   2.5  0.714  44 14 0 16 48 3 29 0 20
  1.88  0.491  0 49 14 30
  1.26   0.77  30 14 34
   1.3  0.836  0 48 44
  1.64  0.763  44 43
  1.39  0.795  37 18 12 19 14 14 11 15
  6.14  0.723  37 21 28 9 35 14 43
  3.37  0.691  47 8 34
  1.25  0.701  44 16 23 30 3 19
  1.01  0.654  12
  1.42  0.781  18 18 16
  1.61  0.775  1 5 37
  1.28  0.827  49 31 44 34 12
  4.12  0.885  47 30 37 19 18
  1.19  0.686  28
  2.49  0.653  28 30 1
  1.39  0.825  34 15 47 6 15 42
  1.13  0.775  18
  1.57  0.744  15 14 30 14 11
  1.02  0.818  12 26 10 1 46 30
  3.32  0.674  28 1 28 31 21
  4.78  0.679  28 14 12 18 48 34
  1.35  0.758  18 34 20 18
  2.58  0.719  20 41 47
  1.05  0.704  14 2
  2.36   0.67  48 29
  1.33  0.912  29
  1.23  0.745  41 33 38 30 14 0
  1.54  0.903  21 10 44
  1.38  0.776  49 4 1
  1.65  0.839  1 26 18 44
  1.75  0.846  43 18
  1.46  0.853  19 9 28
  1.07  0.856  35 18 41 16 12
  2.06  0.934  32 1 14 25 48 47
   1.3  0.676  42 47 6
  1.28  0.627  6 7 46 37 21
  2.24  0.805  46 34 34 30 29 37 30
  1.18  0.663  15 42
  1.12  0.796  14
  2.02  0.876  16 43 34 6 28 31 34
  1.53  0.752  43 47 6 28 29
   1.7  0.548  43 6 29 1 1 24
  1.09  0.839  43 21 6
  1.56  0.765  6 6 4 29
  2.98  0.592  41 1 18 38 46 1 14
  2.14  0.602  46 46 46 41 12 6 11 18 34 18 6
  1.88  0.722  44 1 34 4 29
  1.77  0.871  30 6 15 19
  1.14  0.799  16 39
  1.59  0.769  42 19
  1.19  0.747  19 6 45 29 18
  1.84   0.66  5 39 34 4
  1.59   0.73  14 44 28 14
  2.46  0.719  22 39 42 28
  2.32  0.744  48 38
  1.94  0.882  14 31 6 6
  3.99  0.598  44 5 30
   1.2  0.657  14 14 20 28
  2.18  0.815  30 16 11 6
  1.44  0.699  19 2 48 23 10 20 40
  4.29  0.768  3 4 33
  1.08  0.899  43 48 0
   3.8  0.605  14 46 6 14
  1.53  0.684  14 31 30
  1.48  0.873  26 39 30 48 14
  2.21  0.836  30 14 44 30 1
  3.52  0.631  30 1 4 14 13
  4.31  0.664  1 28
  1.59  0.742  19 3 1 49
  2.01  0.828  42 46 29 6
  1.49  0.672  44 19
  1.75   0.62  0 30 18 44 23
  1.27   0.58  19 26 24 15 18
   2.4  0.781  34 46 6 42
  1.73  0.736  13 18 30 12 18 6
  1.28  0.742  24 32 39 11
  1.67  0.721  32 30 44 40
  1.17  0.872  34 14 34
  1.04  0.858  4 21 14 43
  2.43   0.72  6
   1.1  0.787  38 30 14 35 34
  2.05  0.596  45 42 2
  2.17  0.735  8 48 48 46 5
  1.14  0.787  1 36 12 18 19 39 19
  1.09  0.805  14 48 34 33 26 44 4 22 38
  2.22  0.877  14
  2.65   0.74  39 18 14 6 0
  2.54    0.8  1 5 48
  1.17  0.764  18 1
  2.03  0.845  48 0
  2.48  0.632  0 3 2 1
  1.71  0.532  15 2 6 37
  2.14  0.815  41 48 10
  1.47  0.793  34 30 28 48
  1.36  0.802  38 30 46 20 21
  3.17  0.933  48 16 34 41 33
  1.09  0.509  37 43 30 44
   2.4  0.743  1 49 15 18
  2.26  0.707  49 38 35 30 30
  1.03  0.752  30 2 42 21 42
  2.41  0.819  48 18 31
  1.72  0.877  42 30 4 26
  1.71   0.75  4 24
  1.03  0.941  34 35
   2.4   0.69  34
   1.4   0.66  12 31
  4.43  0.667  48 38
  3.75  0.646  33 46 28 42
  1.79  0.745  29 44 14 15 20 16
  2.13  0.741  6 1 43
  1.85  0.809  6 34 6 18
  1.42  0.639  6 31 14
  2.58  0.768  26 48 41 34
  1.74  0.895  30 12 29
  3.43  0.716  34 4 31
  1.79  0.748  35 23 44
   1.6  0.598  12 30 1
  1.43  0.821  34 11 38 30
  1.03  0.741  34 30 18 3 16
  1.39  0.861  18 19
  1.43  0.897  14 48 6
  1.27  0.746  14 48 14
  4.74  0.884  48 14 2 4
   1.3   0.61  2 33 49 32
  1.26  0.556  2 19 0 12 0
   1.1  0.721  0 35 25 43
  1.17  0.665  34
  2.34  0.936  34 18 26 18
  1.03  0.655  34 18 1 33
  1.31  0.879  1 2 14
  1.74  0.766  34 18
  3.09  0.616  34 32 19 18
  2.02  0.704  49 16
  3.39  0.682  8 42 48 19
  1.63  0.958  48 19
  3.16   0.71  19 0 46 49
   2.7  0.774  21 18 22 1
  2.64  0.789  48 0 35
  3.64  0.815  46 28
  1.19  0.567  18 23 19 34
  3.55  0.686  20 42 49 34
  1.61  0.655  49 3 3 34 48 13
  2.46  0.835  6 18 44 38 43 34 39
  1.75  0.684  16 12 15 14 14 3 28 11 26 31 5
  1.71  0.729  42 29
  1.29  0.762  29 16 14 30 38
  2.11  0.742  24 31 1 38
  1.73  0.702  38 29 38 14 18 41 18
  1.44  0.665  12 46 21
  1.47  0.603  21 23 6 19 12
  3.96  0.862  21 23 6 19
  1.72  0.775  21 1 13 19
  1.28  0.778  19 32 42 29 29 32
  1.93  0.582  6 5 42
  1.54  0.658  48 34 16 30 14
   2.4  0.748  16 38 30 48 0 14 29 18
  1.69   0.95  38 30 39 49 20
   2.5  0.799  39 1
  1.82  0.717  39 42 43
   2.5  0.733  16 32
  3.24  0.762  31 36
  4.77  0.706  42 28 16 14 32 48 45 37
  1.16  0.766  16 14 16 32 18 6 18 19 11
  2.32  0.863  46 38 14 32
  2.48  0.688  38 24 5 18 24
  2.16  0.613  16 19
  3.83  0.758  16 2 29 21
  2.98  0.891  29 49 12 15
  2.37   0.72  12 20 19
  2.44  0.453  12 21 29
  1.17  0.713  18 26 23 8 34
  1.45  0.923  2 35 31 46 48 19
  1.76  0.585  30 15 6
  1.79  0.603  41 29 19 43 34 34
  1.09  0.812  19 37 47
  1.33   0.86  47 30
  2.12  0.612  34 49 16 18
  1.65  0.753  44 21 39
  2.56  0.794  4 34 42 39 34
  1.04  0.838  1 35 19
   1.5  0.907  49 2 31 10
  1.14  0.667  10 30 14 48
  2.44  0.727  1 8 48 34 2 30
  1.14  0.665  42 13 4
  2.08  0.695  13 22 18 16
  1.33  0.745  43 28 34 47 38
  2.15  0.749  35 37 30 15 1
  2.12  0.751  18 26 0 34
  1.02  0.805  29 18 44
  2.21  0.919  21 28 2 19 10
  1.16  0.939  37 42 39 10 48
  1.19  0.836  6 44 0 49
  1.62  0.749  18 18 12 2 30
  1.14  0.699  39 12
  1.35  0.719  39 35 49 13
  1.91  0.605  11 14 49 13 26 1
  1.63  0.812  18 18 3 14 0 16 5 6 34
  3.01   0.61  18 34 19 18
  1.57  0.813  39
   2.5  0.639  18 32 17
  1.03  0.856  14 49 16 12
   1.4  0.848  1 18 34 37 2
  1.71  0.808  37 37 24
  3.53  0.836  5 1 29 12 14
  1.06   0.83  14 44 34 15 1
  1.86  0.727  6 15 18 26 44
  1.44  0.625  6 44 18 6 38
  2.69  0.578  6
  2.71  0.748  28 6 2
  2.26  0.846  31 35 3
  1.74  0.823  1 48 26 4 16 30
  1.42  0.789  1 26 19 14 48
  3.96  0.796  20 30
  1.89  0.701  34
  1.67  0.857  49 18
  1.31  0.733  14 16 34 30
  1.24  0.904  34 14
  1.09   0.67  1 48 19 16 44 6
  1.67  0.736  41 12
  2.87  0.709  12 19
  1.65  0.566  2 46
  1.02    0.9  46 48 6 29 19 20
  1.39   0.81  1 34 48
  1.78  0.683  15 49 48 26
  1.19  0.682  34 28 41
     1  0.707  34 28 41 18 20 46 44
  3.15    0.7  47 46
  1.19  0.841  2 48 28 18
  2.54   0.67  2 14 6 37
     2  0.647  18 44 16
   2.2  0.751  1 14
  1.82  0.781  35 16 32 37
  2.11  0.777  16 35 32
  3.35   0.82  24 42 26 19 13
  2.48  0.778  26 19 28
  2.27  0.675  41 39 30
  1.43  0.885  39 48 18
  1.08  0.569  20 18 38 6 14 11 2 47
  1.38  0.829  4 29 39 48
  1.16  0.879  0 6
  1.31   0.68  0 41 24
  2.57  0.921  6 32 16
  1.37  0.836  49 46 49 16 31
  1.89   0.85  46 16 31 14 18 18 1
  1.43  0.734  10 46 34 32 19
  1.24  0.544  14 6 37
  2.35  0.837  28 49 42 16 1 18
     3  0.618  19
  2.51  0.778  44 19 15 12
  2.56  0.831  26 14 48
  2.57  0.744  26 14 48 44 6 2
   2.3  0.525  21 16 18 30 46 28
  3.01  0.869  34
  3.63  0.675  34 0 30 23
  3.44  0.678  10 2
  2.04   0.77  43 30 10 39
     1  0.836  43 2 2 39 26 2 35
  1.18  0.806  2 2 6 26
   1.4  0.721  24 16 28 34
   2.2  0.821  42 45 3 42
  2.42  0.843  44 26
  1.08  0.819  14 38 43
  3.15  0.819  34 19 42
   2.5  0.913  31 16 49 18 18 37 37 16
  1.47  0.744  1 46
  2.37  0.708  30 16 39
  2.32  0.684  1 7
  1.93  0.929  44 32 21
  1.65  0.627  19
  1.16  0.767  34 34 37 38 23
  2.87  0.752  11 2 29 6
  3.29  0.668  18 6 34 16 25
  1.58   0.71  39 14 39
  4.37  0.863  18 19
  2.49   0.77  49 6 8 1 16 15 26
  3.12  0.782  16 1
   1.1  0.661  14 39 48 18
  1.76  0.797  14 48 18
  1.15  0.784  14 48 0 43
  1.18  0.761  3 18 43
  1.41  0.638  38 48 4 0 40 26 47 19 42 48 30
   2.4  0.816  42 37 43
  3.36  0.766  34 35 6 47 19
  3.66  0.829  5 32 24 14
   2.3  0.509  5 24 14 45 32 14 12
  1.09  0.621  16 34 48
  1.75  0.908  19
  5.06  0.637  19 15 6 30
  3.01  0.709  15 44 39 44
  1.76   1.07  1
  2.42  0.642  32 43
  1.41  0.875  29 28 9 49
  5.43  0.608  21 21
  1.95  0.759  34 18 12 1 43
  1.23  0.729  12 48 10 6
  1.11  0.689  3 28 19 14
  2.13  0.721  1 6 29
  1.57   0.83  12 1 32
  1.06  0.679  6 18 34 19 32
  2.35   0.74  17 20 38 1 41
  2.08  0.746  35 34 19 33 14
  1.32  0.741  34 19 0 2
  1.48   0.92  9 4
  1.25  0.782  16 49 3 14 26 20 29
  1.16  0.673  30 49 18 47
   2.2  0.683  29
  2.55  0.817  26 14 34
  1.22  0.849  19 30
  1.46  0.796  32 39 28 28 21
  1.33  0.869  47 42 1
  1.56  0.824  22 19
  1.79  0.764  46 44 34 13
  2.81  0.613  46 13 12
  1.22  0.965  30 10 26
  1.15  0.852  30 10 3 5
  1.23  0.818  18 23 14 14 44
  3.33  0.717  33 14 16 1 21 23
  1.02  0.763  33 24 18 48 19
  4.77  0.778  18 0 16 4
  1.48  0.655  34 49 19 6 34 5 30
  2.08  0.877  29 6 14
  1.31  0.847  26 1 32 16
  2.51  0.775  1 15 0
  1.14  0.796  45 1 20 31 2
  1.73  0.699  16
  1.02  0.894  18 34 0 39
  1.43  0.745  39 30 48 19 18 24 2
  1.67  0.684  34 16 24 47
  1.84  0.777  47 38 11
  3.17  0.756  38 19 9 46 44 19
  1.92  0.821  18 18
  1.05  0.769  12 39 14 26 30
  1.61  0.736  18
  1.12  0.755  28 34 14 30 2
  2.85  0.761  18 30
   1.9  0.626  18 42 35 16 2
  1.81  0.586  4 32 2 16
  1.27  0.645  34 34
  2.27  0.928  34 14 32 1 30 2 0 46
  3.18  0.654  14 6 0 5
  1.73  0.876  6 19 37 47
  1.95  0.533  46 39 6
  2.12  0.592  6 25 4 18
  2.18  0.899  44 26
  2.84  0.735  26 24 11 14 14
  1.11  0.573  39 14 28 44 18
  2.01  0.694  34 5 48 30
  3.55   0.83  6 29 0 31
  1.51  0.849  34 43
  1.18  0.873  43 15 49 1
  2.56  0.831  1 18 24 6 1 14
  2.92  0.709  14 12 0 19
  2.59  0.776  37 16 19 14 37
  1.13  0.583  37 37 4 42 39 18 11
  4.99  0.761  4 49 18 24 14 18
  2.58  0.746  18 24 18 30 14 18
  1.87  0.674  30 14 29 13 18 38
  1.28  0.541  29 38 2 15 34 30
  1.93  0.601  16 30 6 6
  1.36  0.753  23 34 23
  2.25  0.788  32 48 19
  2.54  0.696  42 32 30 30
  2.41   0.67  38 30 5
  1.29  0.703  38 24 2 15 18 46 19
  1.19  0.833  11 18 21 4
  2.67  0.672  46
  1.42  0.769  49 5 34
  2.33  0.704  43 16 6 18 34 30 22 16 44
  1.26  0.732  21 28 6 26 16 14
  2.55  0.851  6 18 19 13
  2.02  0.673  20 39 11 21 47
  1.06  0.722  24
  4.57   0.83  34 5 12 19 11
  1.01  0.801  18 5 35
   1.1  0.794  35 6 3 29
  1.73  0.817  47 8 4 31 19
  2.34  0.596  19 19 1 32 26
  1.02   0.65  48 26 19 2
  2.24  0.941  44 1 47
  1.07  0.839  14 32
   1.3  0.771  28 10 5 15 1
  1.45  0.805  16
  1.48  0.776  38 4 48 47 1
  4.77  0.803  38 4 48 47 14
  2.63  0.768  2 38 28
  1.44  0.749  31 11 48 46
  1.14  0.684  41 24
  1.85  0.748  34 22 32 37 14 19
  1.42  0.761  8 2 48 18
  2.37  0.711  48 16 19 18
  2.94  0.572  14 19 44 0
  1.94  0.589  14 44
  1.04  0.737  38 18 11 15
  1.61  0.795  15 1 14
   1.2  0.681  14 6
  1.36  0.665  11 42
  2.53  0.828  30 6
  1.22  0.835  46 41
  1.17  0.908  18
  1.81  0.697  4 44 35 42 11 21 4 11 30
  2.08  0.717  16 48 28 1 32
  1.11  0.696  26 48
  1.59  0.903  16 4 6 12 4 41
  1.85  0.757  8 24 6 19 34 3 21
  1.23  0.845  1 29 14 20 4
  1.98  0.644  4 49
  1.35  0.798  3 32 16 34
  1.95   0.88  14 18 3 19 14 18
  1.59  0.821  46 39 37 16 1 35 19
  1.11  0.875  1 48 1 49
  3.46  0.847  46
  1.09  0.736  46 35 11 34 14 6
  3.55  0.598  35 6 26
  1.31  0.767  14 19
  1.42  0.558  46 49
  1.03  0.631  0 48 29 19 16
  1.86  0.645  29 25 1 44 5 2
   2.2  0.678  48 34 15
  3.21  0.767  48 30 14
  1.76  0.666  47 18
   1.6  0.762  16 19 26 34 12
   1.2  0.671  19 34 12 15
  1.95  0.823  26 26
  1.45  0.802  14 26 45 46 20
  2.19  0.712  14 19 6 34
  2.74  0.782  19 18 18
  1.07   0.67  8 48
  1.12  0.865  6 26 49 16
  2.75  0.809  6 3 37 12
  2.41  0.832  34 14 16 18 13
  1.01  0.702  14 31 30
  2.36  0.765  6 2 11 4 49
  4.09  0.729  3 1 30 49
  2.79  0.609  46 12 4 28 1 18
  1.74  0.761  46 4 28 6
  1.65  0.872  18 1 30 46 31
  3.75  0.781  47 6 14 41
  2.28   0.83  28 46
  3.11   0.75  19 26 42 23
  1.14  0.855  19 37 14 0
  2.79  0.673  18 14 29 43 0
   2.4  0.733  19 48 19
  3.75  0.727  19 34 4 20 11
  1.29  0.778  19 41 49 2
  1.08  0.726  4 14 47
  1.28  0.644  14 44
  2.94  0.646  11 45 26
  1.51  0.828  10 1 6 42 46 24
  1.13  0.814  49 15 4 34 6 30 26
  1.91  0.909  48 42
  1.57  0.798  13 49 19 34
  1.68   0.87  44 20 32 48 31
  2.25  0.604  44 43 2 1
  1.22  0.611  1 48 14 2
  4.32  0.856  48 1 44 5
   1.4  0.763  25 48 47 0
  1.02   0.66  15 4 14
  2.44  0.731  44 39 18 16 27
  1.13   0.79  37 28 42 19
  1.32  0.702  26 7 42 32
   2.3  0.701  31
  1.41  0.683  19 30
  1.77  0.667  30 11 0 48 30
  1.47   0.71  19 42 6
  1.08  0.837  19 6 29 49 21 19 44
  1.83  0.713  0 37 28 0 1 12 11
     1  0.967  0 1 11 18
  2.48  0.792  0 18 0 23 1 19
  1.06  0.581  32 37 15
  1.35  0.867  32 37 15 30 12
  1.24  0.911  23 16
  2.53  0.863  16 32 13 14 1
  2.68  0.899  18 14 48 25 42
  2.18  0.762  14 11 49 6 23 32
  1.09  0.567  1 21 34 37 4 2 20
  1.63  0.681  21 32 4 23 4
  1.28  0.572  14 45 33 10
  1.69  0.871  45 10 23
  2.74  0.611  28 28 30 49 18
   1.1   0.64  33 15 19 6 35
  4.31  0.836  15 41 26
  2.93  0.686  12 1 35
  1.67  0.585  29 49
  1.02  0.704  30 37 21 37 44 39 30
  2.59  0.791  20 1 46 10
  1.31  0.612  46 32 3
  1.37  0.715  30 4 16
  3.41  0.654  16 5 25 34
  1.63  0.593  14 14 21 48 9
  1.26  0.645  15 14 42 39 16 5 48
  1.38  0.809  49 12 14
  2.86  0.837  21 6 16 14 18 2
  1.11  0.801  16 34
  1.27  0.816  34 14 4 24
  2.89  0.835  16 48 28
  1.29  0.688  37 18 1 18
  1.37  0.823  38 30
  1.41  0.687  32 47 38
  1.15  0.661  1 12 16 4
  2.06  0.855  12 39 34
  1.08    0.9  12 34 14 38
  1.46  0.765  12 34 34 3 3 2 13 0 19
     3  0.762  13 48 38 49 44 39 22 6
  3.23   0.64  14 24 42 2 48 1
  1.21  0.815  4 3 29
   1.7  0.671  16 35
  1.31  0.578  35 28 34 16 18
  1.81  0.661  25 48
  1.03  0.683  47 39 29 9
   3.1  0.745  28 16 19 48 2
  1.82  0.958  37 32 13 32 24
  1.57  0.769  43 30 6 5 25 14 18 30
  1.68  0.764  4 29 41 30 19
  3.02  0.778  48 26 18 37 4
  1.92  0.674  1
  2.67  0.833  1 26
  1.58  0.669  28 30
  1.49   0.67  34 34 26 16 49
  4.49  0.785  10 1 26 39
  1.66  0.644  6 14 34
  4.65  0.689  48 28 49 34
  1.83  0.844  14 20 20 44 28
   1.3   0.58  16 14
   1.1  0.649  14 45 12 35 34
  1.99  0.701  35 43 6
     2  0.713  6 12 38
  2.02  0.756  6 12 38
  1.43  0.752  44 48 1 2 38 46 3 8
  1.21  0.744  1 38 46 42 33 46 19
  1.34  0.782  1 37 4 41 38
  1.69  0.837  47 39 11 44
  1.87  0.843  11 28 26 9 31
  1.45   0.67  14 46 32 48
  1.07  0.878  46 48 20 48 35 49
  1.01  0.618  21 35 32
  2.44  0.844  46 19 49
  1.51  0.838  44 30 19 38 19
  2.03  0.925  29 19 6 3
  3.94  0.702  29 35 6 14 6 30 14 39
  2.94  0.661  18 11 2 49 30 19
  2.48  0.817  2 11 18 0
  1.87  0.824  11 11 46 4
  2.04  0.823  11 11 38
  1.88  0.637  11 11 19 21 34
  1.77  0.578  28 49 26 49 32
  1.11  0.881  24 32
  2.21  0.762  24 32 19 30 34
   1.5  0.706  43 48 1 38
  3.31  0.784  48 39
  1.59  0.551  11 6
  1.65  0.781  6 12 46 10 38
   2.1  0.848  28 37 19
  1.14  0.707  28 19 4 18
  3.27  0.779  4 18 35 19
  2.65  0.741  30 38 30
  1.09  0.811  18 18 33 49 14
  1.18  0.759  30 21 31 10 16 48
   3.9  0.663  48 18 18
  2.21  0.761  21 30 34
  1.28  0.693  18 49 18
  1.87  0.889  32 28
  3.06  0.779  32 28 18 35 48 4 48 19
  1.65  0.851  28 12 23 16 26 42
  2.94  0.652  26 39 0 0 20
  1.24  0.676  34 35 33 44 14 25
  2.29  0.593  21 20 38
  1.57  0.786  34 32 32
  1.71  0.642  49 37 49
  1.27  0.753  34 26
  1.84  0.663  48 18
  1.06  0.675  49
  2.56  0.738  21 18 24 16 11 32
   4.1  0.802  1 16 32
  3.49  0.803  1 29 39 4 44
  2.74  0.881  39 18 44 38
  1.42  0.748  48 30
  1.39  0.882  45 3 4 44 18 14
  1.96  0.841  30
  1.63  0.936  19 44 14 32
  1.41  0.812  34 30 21
  1.28  0.792  6 30 29
  1.09  0.841  38 41 12 23
  1.05  0.732  2 16 29 48 1 4
  3.68  0.589  44 12
  1.84   0.78  32 14 26
  1.46  0.573  26 19 34 42 29 3
  1.48  0.839  19 47 14 30 16 21
  1.57  0.735  30 0 26 41
  1.09  0.713  16
  3.56  0.679  32 29 6 24 34 30
   1.7  0.633  13 18 48 42 49 47 19 32 6 24 1
  4.15  0.797  48 46 46 33
   1.3  0.846  29 14 33 14 48 24
  2.04  0.681  33 1 2 37
  2.99  0.768  34 21 48 26 4
  1.11  0.744  30 37 46
  1.16  0.715  15 14 44 11 1
  1.02  0.866  11 16
  1.65  0.714  43 12
  2.98  0.783  32 18 5 32
  1.82  0.776  32 18 32 33 10 46 14
  1.85  0.871  2 18 14 43 14
  1.09  0.618  6 21 30 44 37 18 29
  1.14   0.73  18 3 22 44 19
  1.11   0.75  39 19 16 1 12
  2.25  0.552  1 21 16 36
  1.45  0.876  0 34 19
  1.88  0.704  34 30
  1.17  0.853  2 4
  2.74  0.697  34 47 32 2
  2.65  0.685  12 38
  1.79   0.56  12 35 2
  2.03  0.977  35 1
  1.28  0.678  18 0 4 41 19
  2.31    0.6  4 41 28
  1.56  0.795  4 6 12 16
  1.83  0.636  46 5
  2.24  0.744  20 2 34 49 3
  1.27  0.837  2 34 6
  1.44  0.761  1 30
  2.77  0.782  15 48 2
  2.13  0.616  2 18 30 32
  2.69  0.615  2 46 18 6 19 34
  1.91  0.592  0 14 47 48
  1.38  0.756  34
  2.07  0.746  15 9
  1.52  0.716  2 30 47 32
  1.21   0.69  34 3 44
  2.72  0.691  34 19 41 15 33
  4.75  0.715  30 48 49
  2.04   0.82  18 35 1 13
  1.17  0.793  30 42
  1.36  0.512  3 5 24
  2.52  0.989  48 1
  1.37  0.856  48 1 1 11 42 42
  1.81  0.743  27 1 32
  1.94  0.758  1 48 43 6 1 35 22 14 38
  2.08  0.731  18 38 5 34
  3.13  0.659  3 26 3 18 41 14
  3.75  0.657  14 39
  1.25  0.778  3 34 5 44 48
  1.48  0.522  6 1 34 31
  1.05  0.663  1 33 16
  2.76  0.844  12 4
  1.08   0.84  6 46 30 43 34 16
  3.01  0.641  1 23 14 1 34
  1.83  0.687  1 48
  1.38  0.835  14 30 43
  1.06   0.83  16 44
  1.85  0.803  6 24 39
  1.39  0.813  49 48 16
  4.29  0.723  49 48 16 32
  1.58  0.813  3
  1.64   1.02  33 18 44 29 12
  6.09  0.702  33 44 29 6 5 18 19
  1.72  0.726  49 18
  2.18  0.897  21
  1.26   0.78  4 28 3 21
   1.1  0.761  34 49 19 18 35
  2.79   0.77  49 19 18 35
   2.2  0.847  34 33 7 28
  2.85  0.696  2 30
  1.76  0.825  2 3 18 34 4 18
  1.57  0.668  4 44 39
  1.26   0.72  4 44 39 48 4 43
   1.5  0.762  35 37 18 13 34 5 11 48
  1.39  0.926  48 37 21 21 39
  1.02   0.52  46 42 0 6
  4.57  0.796  0 46 16 21 39 6 48 14
  1.32  0.772  16 48 15 35 18 29
  1.08   0.72  4 39 39 34 8 1 39
   2.3  0.743  32 11 38 49 11
  2.47  0.867  49 26
  4.37  0.554  49 26 44 44 19
  3.13  0.751  32 3 21
  1.98   0.69  6 14 10 39 44
  2.17  0.702  14 39 21 5
   3.7  0.725  1 9 21
  2.01  0.676  19 30 14
  4.05  0.864  19 30 16
   3.2  0.843  9 48 16 20 14
   2.1  0.691  20 16 48
  2.33   0.75  3 15 32 11 49 18 14
  1.78  0.653  3 18 46 33 49
  1.15  0.781  12 24
  3.19  0.806  24 20 24 15 16
  1.34  0.746  30
  1.25  0.825  30 32 19 34 14 18
   2.6  0.798  19 25 18 37
  2.59  0.793  18 34 6
  1.49  0.506  34 42 6 34
  2.03  0.801  32 15 16 41 10 29
  1.47  0.637  19 12 32 19 2 49
  1.07  0.869  49 21 30
  3.59  0.754  49 30 32 18
     1  0.648  35 2 18 19
  1.29  0.769  2 19 21 48 48 34 28
  2.37  0.957  48 49 18 0 28
  5.35  0.713  42 21 4 30 19 1 41 34
  3.36  0.721  30 19 34 24 38 44
     1  0.937  39 34
  2.73  0.703  39 34 37
  1.11  0.737  6 35 3
  1.42  0.745  5 9 6
  1.26  0.596  19 1 34 31
  2.66  0.842  1 34 14 18 19 1
  1.37  0.726  0 16 16 49
   1.1  0.879  44 28
  2.78  0.632  12 48 1 33 4
  1.57  0.743  33 18 18 46 34 18 14
  1.42  0.733  1 14 30 30
   2.2  0.672  30 38
  1.31  0.564  41 5 10 26
  1.57  0.789  12 42 21
  1.85  0.988  21 35 42 37
  2.31  0.741  35 25 30 8 46 38
  1.72  0.739  32 32
   2.5  0.827  44 11 14 26 19
   1.4  0.685  26 38 46
  2.19  0.697  46 30 16
  1.61  0.822  0 32 28 32
  3.59  0.672  38 25 39 18
  1.42  0.887  18 26 14 30 46 30
  3.74  0.754  18 18 19
  1.71  0.687  19 21 26 41
  1.33  0.596  21 14 5 15 32
  1.12  0.937  4 32 18 34 35
  1.92  0.878  18 15 4 20
  1.52  0.786  18 48 21 3 19
  2.55  0.744  37 29
  1.17  0.873  0 26 15
  2.21  0.654  0 26 15 44 19 30
  1.35  0.905  18 15 39 44
  7.32  0.825  18 6 14 48 26
  1.43  0.673  5 2
  1.54  0.707  14
  3.01  0.817  12 6
  1.16   0.85  34 14 11 47 18 14 12 16 26 25
  1.64  0.765  34 11 47
  1.85  0.811  48 28 48
  1.03  0.909  6 2 48 28 47 0 43
  1.99  0.848  42 30 0 18 18
   1.1   0.68  16 32 13 1 26 43
  2.67  0.795  6 32 22 34 6 46
  1.06  0.671  34
  1.01  0.693  34 19 32 2 6 37 48 1
  2.69  0.695  34 20 12
  2.11  0.727  20 4 6 49
  1.09  0.789  30 16 26 34
  1.32  0.746  28 16
  2.01    0.6  1 34
   1.6  0.755  25 16 1 18
  2.31  0.804  36 28 19 6 19 24 6 19
  2.86  0.645  26
  1.39  0.772  26 26 18 11
  3.47  0.807  16 48 19 49 38
  1.91  0.726  30 2 48 41 4 12 35
  2.41  0.822  42 39 28 12
  2.69  0.929  44 41 44 34 12 18
  1.09   0.71  3 32
  1.56  0.649  18 30 18 13 48 14
  2.99  0.895  42 30
  1.96  0.664  25 14 18 12 14 1 30 4
  1.18  0.719  23 3 19
  1.03  0.763  23 29 41 18 20
  1.04  0.622  14 39
  1.76  0.954  14 30 15 49 26
  1.36  0.785  18 19 19 41
  2.79   0.83  18 14 11 1 39 12 2
  1.26  0.746  26 28 28 18
  1.52   0.72  29 14 1 39
  1.55  0.822  14 0 0 18
  1.32  0.873  19 20 3 1 44
  1.65  0.788  19 20 3 1 44
   1.4  0.818  18 19 1 10
  1.73   0.87  6 15 0 35
  1.98  0.824  24 4 32 25 30 30
  1.07  0.884  24 15 21 36 5 16
  2.02  0.659  36 28 22 26
  2.24  0.606  16 30 21 11 49
  1.28  0.642  26 34 34 46
  2.04  0.884  12 30 30
  1.73  0.724  46 6
  1.26  0.601  18 30 44
  2.13  0.756  46 18 34 14
  1.27  0.891  10 19 32 16 3
  1.12  0.756  41 42 20 34
  1.19  0.713  34 42 1 23 41 26
   1.3  0.592  41 31 49 5
  1.41  0.592  32 29 30 44
  2.63   0.59  44 16 0 1 37
  1.04  0.858  44 20 18 25 12
  1.75  0.748  33 30 33 24
  1.07   0.84  18 14 4 19 6 34 6
  3.56  0.832  12 34 11 47 29
  1.31  0.793  12 34 46
   2.3  0.872  31 16
  4.09  0.593  31 46
  1.64  0.778  20 34 12 6
  1.11  0.782  44 49 39
  4.34  0.741  32 13 46
  1.36   0.85  44
  1.04  0.903  6 18 1
  1.63  0.663  19 16 1 44
  1.57  0.765  15 18 30 21
  1.94  0.852  20 19 44 18 0
  1.96  0.787  20 19 18 14 12
   1.6  0.744  30 15 39 37 34
  4.31  0.742  30 34 33 18 18 0
  1.57  0.757  19 20 16 39
  1.58  0.893  41 37
  1.38   0.63  0 13 18 18 34
  1.22  0.739  19 6 1 0 2
  1.61  0.793  19 41 4 14
  1.84  0.735  21 26
   1.6  0.983  4 24
     3   0.73  44 9
   1.6  0.732  46 6 4 11
  1.33  0.636  25 33 19 39
  1.99  0.827  30 39 16 34
  1.41  0.824  30 39 34 38 38
  1.33  0.748  35 14 1 1
  2.24  0.718  1 44 34 4 44
  1.03  0.618  0 44
  6.16  0.718  18 30 18 44 14
  1.18  0.851  18 30 18 35
  2.63  0.668  16 14 34 23 0 28 5
   1.1  0.737  34 46 34 5
  2.01  0.631  46 5 16 23 48 5 4 30
  1.12  0.741  46 23 48 4 39 22 34
   1.1  0.824  46 10 49 18 38 49
  1.29  0.719  6 20 35 14
  1.85  0.652  2 16
  1.88  0.741  16 14 48 46 24 19
  1.31   0.87  30 29 2 14
  1.38  0.703  29 42 25 32
  1.08  0.841  29 35 1
  5.44  0.975  14 14 14 32 33 2
  2.56  0.734  3 1 1 18 34
  1.52   0.72  4 19 16
   1.1  0.683  26 44 41 11 35
  1.74    0.7  11 3 41 39 14 15
   2.4  0.872  11 30 15 11 16 16 42
  1.72  0.781  18 26 18 1 42 47
  1.87  0.798  48
  1.77  0.724  28 1 15 1
  2.77  0.654  6 14 32
  1.34   0.48  49 46 34
  1.02  0.542  49 3 21
  1.65  0.874  21 18
  1.07  0.551  21 21 18
  4.33  0.778  6 18 46 20
  3.03  0.741  46 44 6
  1.12  0.698  48
  1.09  0.664  21
  1.75  0.656  44 6 4
  1.86  0.775  29 19 18 38 22
  1.01  0.753  34 3 37 48
  2.53   0.71  11 29
  1.62   0.77  38 26 12
  1.63  0.766  0 23 1 3 30 4
  3.95  0.708  1 14 18
   1.5   0.72  4 14 5
  1.23  0.771  47 34 47
  1.07  0.803  47 34 47 37 11 34 48 16 18
  1.99   0.74  37 16 18 1 34 10 34
  2.24   0.73  28 4 35 4 0
  2.84  0.655  26 5 32 37 11
  1.14  0.617  5 32 37 11 48
  2.65  0.617  18 44 42 3 21
  1.25  0.779  16 44 48 14 10
   1.5   1.11  5 29 39
  1.12  0.647  16 19 32 28 46 44
  2.99  0.829  44 21 42 16 20 44 1
  2.84  0.803  16 20 1 48 12
  1.09  0.693  37 24 7 1 1
   5.1  0.796  39 34
  1.78  0.749  4 20 14 32
  3.35  0.729  35 34 39
  1.35  0.895  35 6
  2.55  0.612  32 16 6
   1.9    0.8  30 5 9 6 19 1 48
  2.47    0.8  41 24 34
  1.79  0.748  16
  2.32  0.676  11 14 30
  1.42  0.859  36 42 1 19 4 31
  1.11  0.749  36 19 31 16 30 46
  2.61  0.881  34 10 28 29
   1.2  0.838  19 34 16
  1.36  0.627  44 4
  1.54  0.873  4 46 4 15
  1.15  0.816  33 1 30 49 19 34
   2.8  0.711  1 4 24 6
  2.07  0.857  1 3
  1.26  0.677  18 16
  2.01  0.534  37 4
  2.91  0.756  14 21 42 34
  1.89  0.752  1 44 18 4 1 10 21
  3.06  0.563  18 28 12
  1.71  0.554  16 46 48
  1.04  0.816  43
  2.08  0.776  10 42 32
  1.02  0.619  14 23 42 28
  1.08  0.624  14 15
  1.47  0.656  6 18 34 21
  1.01  0.768  1 14 30 1
  2.59  0.691  45 18 6 42 30
  1.47   0.74  34 14 19
  1.97  0.647  16 30 29
  2.52  0.619  30 29 12 26
   1.5  0.943  32 49 46 21 4 18
  2.51  0.606  1 26 32 33 49 30
  1.31  0.544  14 5 13 41 45 48 19 35
  1.69  0.657  14 19 34 43 28
  1.14   0.81  15 16 28 14
  3.03  0.647  12 49 16
  1.01  0.827  12 29 49
  1.98  0.881  49 14 37 0
  2.31    0.6  32 26 10 39 0
  1.05  0.595  32 26 28 21 42 12
  2.74  0.846  42 12
  2.04  0.763  42 12 32
  1.67  0.814  4 18 47
  1.55  0.568  4 18 47 14 16 29 12 39
  1.24  0.869  34 1 10
  1.74   0.74  10 43 34
  1.17  0.766  43 34 13
  4.43  0.812  14 48 28 38 40
  1.76  0.725  35 18
  2.44  0.836  35 14 20
   1.9  0.758  16 18 12 44
  3.93  0.785  12 18 4 48
  1.08  0.715  34 12
  1.22  0.911  12 30 1 48 0
  3.02  0.681  14 29 48 0
  2.56  0.662  0 15 4 3 49 18
  1.25  0.933  14 49 14 49
  1.94  0.695  14 14 1 26
  3.53  0.805  47 39 4 49 33 48 18 18
  1.52  0.703  34 49 14 18
  1.17  0.656  49 47 30
  1.24  0.751  42 18 38 44 49
  1.12  0.619  49 6 5 14
  1.22  0.752  6 34 14 28 18 47
  1.11  0.869  30 47
  1.31  0.663  20 44
  1.61  0.596  6 21 30
  1.88   0.96  6 26 31 11 15 34
  2.21  0.861  18 38 21 24
  3.48  0.917  24
  1.58  0.868  24 40 49
  4.16  0.695  6 12 14 20 28
  2.82  0.911  34 3 11 15 30
  1.23  0.771  9 24 6
  3.21  0.695  32 19 4
   1.6  0.798  5 20 5 12
  2.57  0.785  14 14
  1.26    0.9  47 6 26 31
  1.49   0.56  30 14
   1.3   0.65  30 14 3 16 6 47 5 21 20
  2.22  0.676  32 32
  2.55  0.771  42 32 19 44 12
  1.45  0.732  19 6 26
  2.52  0.885  1 18 2
  1.65  0.712  34 8
  1.98  0.541  19 0
  1.03  0.802  13 1
  1.89  0.995  44 3
  1.66  0.766  46 31 32 14 28 20 29
  2.08  0.692  12 15 16
  3.21  0.733  32 49 48 48 2 26 46
  1.06  0.852  41 45 30
  2.97  0.736  30 39 34
  1.98  0.864  3 34 14
  1.31  0.976  18 18 14 39
   1.1  0.953  18 16
   1.6  0.863  34 18
  1.18  0.835  14 34 1 34
  2.19  0.689  14 1 11 31 18 4
  1.83  0.761  49 31 33 14 18 4 14 8
     1  0.854  3 34 48
  1.67  0.738  21 1 16
  1.05  0.672  32 4 49 42 14 30
  3.54  0.748  4 49 42 4 18
  1.64  0.766  42 30 33 30 4
  2.86  0.946  33 30 18
  3.95  0.776  30 42 28 43
  1.61  0.847  12 34 49 41 12
  1.58  0.625  1 18 6 49
   1.7  0.792  3 6
  1.64   0.83  18 14 20 34 44 14
  1.22  0.706  18 44 30 46
  1.39  0.773  20 14
  1.96  0.679  20 6 42 13 14
  1.76  0.918  6 42 14 6 19 34 42
  1.41   0.82  48 25 47 16 22 31
   3.2   0.61  3 26 16 19 49 26
  3.17  0.708  47 31 26 15
  2.15  0.684  19 3 18
  1.48  0.654  12 16 21
  1.43   0.72  48 26 30
  1.69  0.737  47 21 6
  1.16  0.846  13 46 49 48 34
  1.63   0.68  48 0 14
  2.51  0.687  38 19 19 14
  3.29  0.691  21 29 39
   1.5  0.864  19 10 6 1 20
  1.37  0.825  6 34 15 16
  1.87  0.695  42 32 12 12
  3.92  0.705  10 44
  1.38  0.766  14 10 8 14
  1.65  0.742  12 41 18 12 14
     1  0.569  18
  2.08  0.876  26 48 26 31 14
  1.42  0.809  19 49 34 4 14 16
  5.58  0.768  34 28
  1.48  0.535  34 35 29 18 16 12 12
     2  0.843  48 48 21
  2.57  0.743  6 41 34 31
  1.15  0.699  0 11 30 49 3 32 32
  1.32  0.865  18
  1.18  0.866  18 37 6 3 6
  2.67  0.679  21 42 28 26
  1.74    0.6  13 41
  1.24  0.807  41 19 19
   1.7  0.654  6 3 39 31 4 16
  2.01  0.731  4 44 48 16 14
  1.05   0.79  26 4
  2.31  0.863  4 24
  1.49  0.725  48 4 48
  1.32  0.846  42 45 15
  2.11  0.818  16 1
  2.62  0.753  16 2
  1.68  0.606  2 1
  2.16  0.914  1 3 1 12
  2.48  0.734  46 16 2 37
  2.97  0.746  18 29 18 30 46 11 28
  1.41  0.599  14
  3.33  0.566  14 34 19
  1.88  0.787  19 16 35 31 8 49 33 2
  3.05   0.88  23 18
  1.64  0.588  48 46
   2.3  0.549  4
  1.01  0.745  18 48 18
  2.51  0.721  18 1 26
  1.04  0.792  6 26 14
  1.49   0.65  5 26 1 18 5 37 26
  1.04  0.742  49 16
     2  0.664  30 39
  1.88  0.842  14 48 30 16 18
  1.61  0.797  12 30 18 34 39 16
  1.58  0.632  34
  2.46  0.778  34 31
  1.59  0.787  34 34
  3.15  0.671  31 44 39 26 14
   1.8   0.72  39 11 4 46
  1.09  0.745  36 12 1 46 24 21
  2.34  0.638  36 44 34 49 11
  4.88  0.895  1 34
  1.71   0.72  49 46 18
  2.95  0.698  23 44 6 20
  1.08   1.01  23 4 18 28
  2.23  0.655  46 18 34 14 18 14
  3.65  0.602  18 15 1 6 21
  1.26  0.719  6 18 35
  3.64  0.837  16
   1.3  0.607  14 39
  1.37  0.657  2 31 0 5 35
  1.75   1.09  8 21 24 49 18 18
   1.1  0.711  46 16 33 32 23 0
  2.41  0.591  34 30 1 38
  1.41  0.661  30 16 42 10
   1.3    0.6  23 12
   2.4  0.901  12 21 30 28 18 6 21
  1.05  0.717  21 19 3
  1.85  0.742  43 42 28 49
  2.62   0.71  28 5 47
  1.77  0.691  34 18
  1.11   0.75  34 6 6 18
  4.62  0.764  26 46
  1.75  0.725  15 26 11 44 11
  2.21  0.799  12 25 32 12 37 45
  1.28  0.823  30 18 34 14 46
  1.75  0.841  16 44
  1.38  0.479  44 26 16
  1.02  0.788  16 18 16
  2.25  0.615  34 43 28 42
  1.37  0.668  43 18 34 49 29
  3.54  0.827  29 34 8
  1.06   0.65  2
   1.1  0.768  2 8 34 44
  1.01   1.01  26 20 1
  1.72  0.772  35 16 8
  1.27  0.764  35 16 8 5 14
   1.1  0.894  11 18 37 19 44 16
  1.59  0.642  6 12 12 14 11 14
  2.11  0.742  41 48 14 41 49
  1.92  0.616  14 21 42 38 34 14 34 49
  1.88  0.692  14 48 20 20 34
  1.71  0.805  14 48 20 20 14
   2.1  0.775  2 28 39
  2.52  0.811  15
  1.02  0.802  15
  1.46  0.629  15 18 16 38 18 23 1 16 12
  1.96   0.83  10 14
     1   0.76  10 18 33 32
  1.18  0.852  1
  1.69  0.971  34 48 23 44 11 1 39
  2.79  0.615  4 29 14 24 3 15
  2.16  0.825  16 32 34
  2.77  0.762  31 39
  1.12  0.844  39 18 26 6 49
   3.7  0.771  6
  1.13  0.762  6 44 34 26 14 18
  2.36   0.59  34 14 16
  2.81  0.692  14 20 26 20 20
   3.2   0.78  14 22
  1.46  0.623  14 22 34 26 6 18
  1.48  0.551  15 42 0 18 2
  1.91  0.853  19 16 18
  1.92  0.731  35 15 3 10 20 34
  2.21  0.882  25 39 47 14
  3.76  0.842  49 14 15 32
  3.08  0.822  49
  1.68  0.711  21 18 1 32 6
  2.47  0.524  4
  1.45  0.718  13 32 29 22 30 16 26
  1.47   0.83  43
  3.03  0.826  19 1 18
   2.3  0.847  29 34 16 29 18 5 46 29
  1.35  0.678  14 32 33 30 34 11
  2.29  0.797  18 30 26 30 1 14 5
  1.45  0.766  18 5 46 19
  1.33  0.995  18 46 12 30 49
  2.76  0.788  18 39 2 46
  1.07  0.698  29 42 21
  1.31  0.565  29 3 35
  2.12  0.888  30 48
  2.81  0.767  30 6 6 19 44
  1.57  0.571  23 6 0 20 11
  4.11  0.779  6 32 28
   2.3  0.745  20 19 32 29
   1.1  0.636  18
  1.17  0.809  11 39 4
  3.75  0.812  39 43 30 43 26 0 14
  1.12  0.644  42 14 6
  3.93  0.678  42 18 15 21
  1.57   0.77  18 8 8
  2.39  0.821  38 49 3 2
  1.12  0.937  38 49 3 14
  1.32  0.703  1 9 1
  1.17  0.553  9 18 18 6
  2.02  0.673  1 44
  1.96  0.664  32 20 39 3
  1.18  0.743  34 28 23 1
  1.15  0.785  39
  1.07  0.664  1 14 14 30 48 33
  1.06  0.773  14 26 0 44
  4.05  0.727  5 21 14 2 6
  2.54  0.824  30
   2.5  0.713  46 14 30
  3.23  0.669  6 21 18 11 31
  1.15  0.824  12 1
  1.08  0.834  20 5 28 14
  1.87  0.691  14 26 4
  1.57  0.802  14 4 1 14 18 20 37
  1.03  0.861  21 48 26
  3.04  0.866  32 6
   1.2  0.705  13 0 30 48 21 48
  1.06  0.653  16 10 30 47
   1.1  0.722  20 19 29
  1.24  0.844  19 1 30 14 38
  2.33  0.791  48 44 46 19
  2.29  0.598  14
  1.01  0.652  20 5 42 18 12 19 43
  1.92  0.645  37 26 24 48
  1.42  0.775  14 42 37 34 16
  1.44  0.721  42 1 46 16 18 38
  1.08  0.727  20 15 6 37 30
  2.66  0.925  14
  3.15  0.789  48 12 24
  2.33  0.738  39 1 3 30
  3.72  0.851  16 18 16 15 47 0
  2.53  0.811  14
  1.67  0.821  4
  1.82  0.717  21 44 30 25
  1.75  0.635  25 18
  1.39  0.805  34 24 1 49 48
  1.39  0.815  42 43 14 26
  1.01  0.901  14 14 30 16 14 32 34 21
  1.06  0.808  15 11 49 16 35
  1.89  0.723  15 49 35 14 20
  1.36   0.95  35 42 23 34 14 1 14 32
  1.31  0.768  34 14
  2.56   0.62  30
  1.88  0.748  46 1
  1.28  0.618  46 28 19 14
  1.25  0.778  18 0 1 18
   2.3  0.756  18 34 14 46 32 25
  2.21  0.653  32 8 18 14
  4.32  0.878  32 8 10 29 19 39
  3.81   0.63  18 14 20 6 48 5
  2.34  0.671  18 14 6 48 3 21 18
  1.43   0.87  19 15 31 30 10
  3.78  0.631  19 15 30 10 14
  4.23  0.854  19 3
  1.09  0.779  42 34 5 31 44
  3.34  0.829  44 30 42 37 4
  2.36  0.848  26 16 18
  1.07  0.829  48 26 0 46 10 32 15 16
  1.04  0.754  15 48 6 34 32 12
  1.08  0.879  32 20 4
  2.03  0.699  6
  3.08   0.63  1 48 19 19 2
  1.47   0.81  2
   1.7  0.618  2 44 48 26 14 34 18
  1.97  0.865  39 1 30 49 30 4
  1.86  0.758  49 8 4 34
  1.07  0.836  1 28 1 32
  3.09   0.66  24 18
  1.75  0.794  34 6 1 8
  1.12  0.737  28 1 12

