1 139
1 155
1 262
1 717
2 26
2 56
2 427
2 448
2 923
3 0
3 67
3 168
3 170
3 242
3 605
3 995
4 102
4 144
4 149
4 225
4 481
4 577
4 639
4 690
4 710
4 718
4 868
4 922
4 934
4 966
5 116
5 253
5 319
5 324
5 368
5 470
5 518
5 618
5 619
5 730
5 737
5 751
5 867
5 891
5 959
6 32
6 110
6 185
6 229
6 242
6 355
6 388
6 501
6 512
6 630
6 989
7 342
7 445
7 599
8 78
8 146
8 186
8 221
8 267
8 271
8 308
8 365
8 500
8 589
8 733
8 810
8 864
9 87
9 141
9 143
9 297
9 345
9 352
9 363
9 390
9 524
9 690
9 826
9 959
10 2
10 118
10 144
10 168
10 186
10 234
10 288
10 384
10 596
10 680
10 739
10 789
10 816
10 895
11 31
11 49
11 111
11 115
11 441
11 612
11 801
11 878
11 914
12 10
12 14
12 26
12 36
12 110
12 117
12 170
12 210
12 285
12 308
12 498
12 507
12 664
12 755
12 814
12 847
12 891
12 893
12 922
13 66
13 88
13 219
13 265
13 403
13 439
13 549
13 561
13 997
14 14
14 38
14 194
14 279
14 376
14 425
14 470
14 544
15 49
15 214
15 288
15 416
15 494
15 732
15 778
15 831
15 918
15 979
15 980
16 0
16 67
16 286
16 543
16 582
16 600
16 653
16 663
16 850
16 910
16 945
16 951
16 985
17 56
17 178
17 191
17 229
17 294
17 396
17 401
17 463
17 542
17 607
17 749
17 788
17 849
17 917
18 18
18 185
18 210
18 269
18 552
18 574
18 649
18 663
18 720
18 800
18 959
19 18
19 120
19 186
19 218
19 221
19 292
19 427
19 598
20 288
20 310
20 346
20 389
20 477
20 552
20 786
20 898
21 178
21 504
21 832
21 932
21 967
22 60
22 322
22 378
22 425
22 427
22 435
22 544
22 612
22 701
22 750
22 792
22 797
22 878
22 928
23 14
23 16
23 85
23 86
23 110
23 111
23 335
23 504
23 599
23 638
23 668
23 690
23 821
23 829
23 864
23 880
24 162
24 189
24 262
24 292
24 321
24 359
24 408
24 700
24 857
24 878
24 898
24 932
25 204
25 210
25 262
25 524
25 555
25 589
25 657
25 749
25 797
25 886
26 32
26 74
26 187
26 194
26 244
27 460
27 574
27 679
27 738
27 805
28 18
28 43
28 67
28 111
28 248
28 516
28 593
28 595
28 749
28 755
28 868
28 915
29 138
29 218
29 268
29 324
29 396
29 426
29 595
29 596
29 739
29 768
29 826
29 988
30 24
30 28
30 162
30 234
30 239
30 269
30 321
30 395
30 424
30 662
30 741
30 984
31 504
31 709
31 733
31 755
31 774
32 12
32 54
32 86
32 99
32 293
32 394
32 406
32 408
32 448
32 494
32 569
32 602
32 625
32 641
32 735
32 878
33 285
33 319
33 395
33 492
33 523
33 529
33 670
33 971
34 117
34 181
34 244
34 630
34 706
35 54
35 67
35 99
35 146
35 189
35 318
35 387
35 589
35 737
35 981
36 113
36 413
36 431
36 514
36 718
36 776
36 914
37 30
37 195
37 230
37 443
37 472
37 680
37 733
38 305
38 449
38 496
38 605
39 74
39 425
39 431
39 676
39 709
39 739
39 992
40 43
40 194
40 252
40 449
40 595
41 18
41 128
41 134
41 154
41 261
41 276
41 375
41 408
41 800
41 959
42 18
42 210
42 279
42 552
42 720
42 773
42 821
43 6
43 26
43 54
43 91
43 345
43 458
43 466
43 591
43 607
43 619
43 654
43 664
43 724
43 792
43 807
43 810
43 828
43 866
44 124
44 288
44 474
44 593
45 56
45 623
45 737
45 766
45 906
46 21
46 103
46 144
46 186
46 244
46 279
46 381
46 408
46 550
46 565
46 677
46 877
47 19
47 346
47 390
47 427
47 429
47 452
47 597
47 618
47 831
47 900
48 30
48 285
48 319
48 396
48 569
48 577
48 656
48 945
49 161
49 162
49 170
49 210
49 266
49 531
49 614
49 641
49 749
49 779
49 852
49 980
50 307
50 308
50 589
50 653
50 932
50 959
51 2
51 37
51 129
51 132
51 141
51 196
51 209
51 331
51 384
51 417
51 498
51 601
51 824
51 925
51 958
52 16
52 18
52 56
52 166
52 305
52 457
52 489
52 550
52 605
52 622
52 639
52 692
52 721
52 917
52 938
52 939
53 102
53 117
53 227
53 261
53 318
53 460
53 533
53 618
53 689
53 690
53 711
53 737
53 807
53 828
54 49
54 50
54 660
54 709
54 852
54 889
54 891
54 892
54 918
54 934
54 941
55 336
55 351
55 550
55 552
55 670
55 696
56 218
56 420
56 521
56 542
56 843
57 0
57 6
57 48
57 142
57 185
57 245
57 279
57 304
57 322
57 403
57 448
57 515
57 542
57 733
57 764
57 866
57 935
57 945
58 141
58 359
58 396
58 618
59 24
59 30
59 100
59 111
59 172
59 279
59 408
59 482
59 522
59 541
59 773
59 801
59 878
59 879
59 908
60 26
60 111
60 274
60 577
60 578
60 595
60 636
60 749
60 778
60 828
60 872
60 984
61 102
61 207
61 315
61 396
61 474
61 511
61 692
61 769
62 429
62 567
62 615
62 827
62 829
62 857
63 190
63 318
63 323
63 419
63 623
63 851
63 854
63 925
63 977
63 994
64 28
64 141
64 210
64 307
64 395
64 405
64 408
64 540
64 648
64 771
64 875
65 2
65 67
65 117
65 154
65 187
65 207
65 223
65 315
65 454
65 496
65 532
65 587
65 599
65 601
65 909
66 108
66 111
66 134
66 202
66 226
66 262
66 288
66 315
66 676
66 733
66 749
66 783
66 792
66 859
66 861
66 935
66 959
67 14
67 44
67 108
67 132
67 146
67 170
67 410
67 844
67 934
68 28
68 133
68 147
68 191
68 242
68 261
68 269
68 395
68 448
68 456
68 542
68 708
68 853
68 880
69 562
69 617
69 813
69 978
70 14
70 67
70 72
70 403
70 464
70 482
70 539
70 542
70 623
70 667
70 779
70 783
71 144
71 186
71 277
71 322
71 496
71 598
71 667
71 704
71 739
71 792
71 917
72 86
72 164
72 181
72 308
72 458
72 549
72 690
72 739
72 744
72 847
72 928
73 44
73 149
73 199
73 241
73 245
73 279
73 292
73 331
73 478
73 614
73 688
73 703
73 778
73 813
73 918
74 41
74 207
74 331
74 368
74 408
74 641
75 116
75 221
75 261
75 265
75 292
75 313
75 315
75 406
75 550
75 563
75 609
75 837
75 875
76 14
76 143
76 279
76 338
76 491
76 802
76 891
76 928
77 1
77 39
77 48
77 131
77 194
77 276
77 322
77 407
78 78
78 111
78 141
78 269
78 321
78 348
78 419
78 437
78 589
78 709
78 798
78 806
78 905
79 110
79 151
79 207
79 253
79 307
79 359
79 623
79 677
80 191
80 356
80 365
80 406
80 428
80 523
80 589
80 649
80 711
80 749
80 814
80 916
81 28
81 492
81 706
81 806
82 34
82 162
82 308
82 524
82 541
83 356
83 406
83 428
83 589
83 649
83 711
83 749
83 814
83 916
84 86
84 119
84 192
84 244
84 246
84 308
84 315
84 376
84 406
84 492
84 501
84 523
84 564
84 909
84 919
84 987
85 18
85 552
85 717
85 801
86 34
86 115
86 170
86 351
86 978
87 1
87 90
87 322
87 389
87 431
87 559
87 702
87 737
87 946
88 34
88 87
88 110
88 152
88 186
88 307
88 512
88 552
88 587
88 648
88 718
88 737
89 91
89 246
89 281
89 342
89 400
89 419
89 470
89 512
89 764
89 923
89 981
90 48
90 301
90 449
90 527
90 599
90 601
90 612
90 694
90 829
90 880
90 919
91 14
91 60
91 234
91 429
91 565
91 659
91 663
91 828
91 829
92 81
92 90
92 136
92 139
92 242
92 403
92 542
92 600
92 720
92 827
92 876
93 46
93 48
93 152
93 267
93 523
93 574
93 733
93 864
93 900
94 163
94 523
94 608
94 725
94 742
94 781
94 912
95 8
95 21
95 23
95 322
95 445
95 514
95 518
95 542
95 719
95 743
95 932
95 951
95 966
96 2
96 35
96 54
96 192
96 233
96 313
96 317
96 797
96 840
96 925
97 134
97 152
97 276
97 288
97 425
97 471
97 482
97 613
97 861
98 49
98 121
98 218
98 244
98 336
98 562
98 805
98 847
98 930
98 990
99 29
99 85
99 316
99 466
99 680
99 772
99 858
100 60
100 632
100 698
100 857
100 945
101 60
101 190
101 288
101 307
101 366
101 368
101 387
101 396
101 404
101 654
101 741
101 752
101 805
101 871
101 889
101 952
102 8
102 308
102 331
102 471
102 494
102 616
102 623
102 824
102 898
102 925
102 994
103 14
103 218
103 366
103 396
103 409
103 426
103 601
103 669
103 734
103 826
104 2
104 32
104 48
104 593
104 851
104 860
104 957
105 69
105 141
105 163
105 401
105 420
105 459
105 593
105 739
105 946
105 947
106 6
106 18
106 34
106 57
106 310
106 348
106 423
106 477
106 500
106 733
106 917
107 4
107 63
107 162
107 239
107 318
107 331
107 416
107 457
107 460
107 552
107 704
107 857
107 916
108 37
108 111
108 215
108 305
108 539
108 597
108 774
108 802
108 895
108 898
109 37
109 72
109 90
109 94
109 378
109 408
109 443
109 478
109 500
109 593
109 679
109 704
109 720
109 749
109 874
109 917
110 18
110 114
110 185
110 345
110 609
110 738
110 825
110 871
110 895
111 34
111 209
111 472
112 116
112 322
112 743
112 778
112 857
112 963
113 12
113 218
113 300
113 319
113 408
113 443
113 593
113 596
113 773
113 934
114 19
114 30
114 56
114 119
114 221
114 309
114 376
114 489
114 653
114 749
114 792
114 800
114 843
115 5
115 141
115 163
115 239
115 449
115 699
115 750
115 959
116 14
116 18
116 49
116 100
116 186
116 221
116 242
116 244
116 318
116 331
116 335
116 364
116 691
116 769
116 778
116 798
116 813
116 909
117 108
117 117
117 234
117 255
117 348
117 351
117 514
117 672
117 701
117 875
117 889
118 184
118 313
118 441
118 600
118 663
118 747
118 755
118 928
119 190
119 397
119 554
120 75
120 144
120 146
120 184
120 262
120 276
120 308
120 441
120 636
120 742
120 791
120 878
121 74
121 159
121 179
121 244
121 310
121 321
121 567
121 582
121 596
121 680
121 701
121 878
122 49
122 87
122 244
122 427
122 524
122 685
122 701
122 733
122 790
123 4
123 63
123 792
124 14
124 46
124 122
124 170
124 416
124 478
124 549
124 599
124 641
124 652
124 776
124 792
124 808
124 877
124 886
124 895
124 931
125 13
125 145
125 186
125 304
125 313
125 543
125 617
125 636
125 654
125 709
125 766
125 846
125 878
125 948
126 115
126 214
126 261
126 266
126 307
126 599
126 664
126 766
126 931
126 963
127 72
127 103
127 160
127 321
127 452
127 460
127 660
127 662
127 842
127 912
128 1
128 100
128 192
128 262
128 479
128 608
128 744
128 833
128 938
129 2
129 56
129 111
129 123
129 270
129 384
129 458
129 497
129 642
129 685
129 914
130 11
130 18
130 215
130 261
130 542
130 796
131 704
132 81
132 324
132 408
132 542
132 545
132 550
132 749
132 874
132 876
132 896
132 917
133 94
133 146
133 167
133 267
133 389
133 436
133 593
133 630
133 799
133 917
133 939
133 951
133 970
134 286
134 310
134 336
134 431
134 444
134 526
134 539
134 545
134 558
134 593
134 868
134 875
134 920
134 944
135 78
135 79
135 94
135 184
135 186
135 221
135 227
135 313
135 351
135 394
135 898
136 111
136 121
136 131
136 318
136 364
136 567
136 616
136 653
136 751
137 117
137 152
137 524
137 608
137 621
137 803
137 829
137 896
137 899
138 93
138 315
138 527
138 934
138 981
139 43
139 186
139 338
139 456
139 614
139 905
140 292
140 569
140 641
140 750
140 833
140 882
140 932
141 15
141 188
141 345
141 357
141 577
141 614
141 819
141 873
141 890
141 964
142 14
142 191
142 288
142 451
143 16
143 163
143 400
143 438
143 805
143 828
144 93
144 117
144 152
144 188
144 265
144 321
144 552
144 653
144 741
144 783
144 829
144 899
144 993
145 110
145 138
145 315
145 344
145 567
145 628
145 691
145 701
145 709
145 850
145 958
146 42
146 56
146 111
146 323
146 328
146 375
146 403
146 473
146 478
146 633
146 683
146 749
146 751
146 761
146 992
147 12
147 86
147 191
147 308
147 323
147 346
147 433
147 514
147 656
147 783
148 18
148 31
148 111
148 117
148 186
148 308
148 368
148 459
148 536
148 645
148 742
148 755
148 851
148 859
148 905
149 6
149 123
149 190
149 261
149 288
149 324
149 370
149 423
149 430
149 448
149 595
149 676
149 704
149 898
149 946
150 90
150 187
150 319
150 349
150 403
150 427
150 485
150 520
150 657
150 704
150 720
150 939
150 981
151 62
151 140
151 210
151 315
151 349
151 603
151 709
151 740
151 773
151 905
151 972
151 980
152 49
152 115
152 387
152 449
153 67
153 307
153 542
153 567
153 741
153 852
153 915
154 32
154 34
154 74
154 194
154 218
154 235
154 305
154 307
154 605
154 618
154 624
154 881
154 959
155 44
155 103
155 427
155 565
155 773
155 821
156 159
156 253
156 322
156 330
156 521
156 750
156 815
156 942
156 992
157 6
157 75
157 166
157 188
157 345
157 498
157 861
157 959
157 981
158 112
158 262
158 308
158 409
158 507
158 567
158 617
158 723
158 791
159 492
159 524
159 562
159 733
160 170
160 254
160 472
160 593
160 691
160 692
160 709
160 735
160 859
160 878
161 191
161 219
161 321
161 349
161 451
161 501
161 542
161 569
161 582
161 766
161 828
162 60
162 86
162 401
162 536
162 552
162 683
162 744
162 751
162 922
163 324
163 843
163 893
164 185
164 215
164 315
164 318
165 445
165 514
165 613
165 713
165 782
165 874
166 315
166 413
166 589
166 607
166 847
167 42
167 56
167 163
167 221
167 239
167 290
167 293
167 307
167 459
167 664
167 672
167 783
168 141
168 158
168 159
168 188
168 202
168 222
168 403
168 531
168 559
168 577
168 593
168 616
168 748
168 783
168 875
168 951
169 324
169 677
169 737
169 812
169 946
170 276
170 428
170 493
170 501
170 553
170 984
171 91
171 281
171 400
171 419
171 512
171 981
172 57
172 132
172 189
172 254
172 461
172 488
172 514
172 656
172 686
172 747
172 761
172 770
172 801
172 822
172 874
173 123
173 161
173 261
173 406
173 720
173 867
174 0
174 545
174 607
174 821
174 844
174 878
174 931
175 104
175 202
175 430
175 482
175 532
175 628
175 668
175 739
175 750
175 823
175 874
175 889
175 916
175 925
176 110
176 113
176 121
176 170
176 621
176 710
176 917
177 41
177 57
177 230
177 270
177 279
177 449
177 523
177 601
177 645
177 652
177 671
177 724
177 862
177 886
177 905
177 923
177 939
178 43
178 146
178 221
178 267
178 285
178 308
178 448
178 562
178 653
178 869
178 876
178 920
179 1
179 86
179 166
179 221
179 331
179 416
179 428
179 522
179 587
179 608
179 620
179 653
179 720
179 928
180 129
180 205
180 221
180 459
180 515
180 882
180 978
181 170
181 335
181 344
181 351
181 364
181 365
181 435
181 472
181 492
181 565
181 601
181 791
182 29
182 319
182 427
182 458
182 472
182 691
182 893
183 30
183 49
183 154
183 191
183 276
183 301
183 408
183 435
183 446
183 523
183 593
183 681
183 704
183 730
183 853
183 931
184 4
184 14
184 19
184 143
184 186
184 218
184 279
184 338
184 395
184 396
184 443
184 491
184 593
184 802
184 891
184 928
185 132
185 134
185 220
185 295
185 400
185 863
186 43
186 72
186 88
186 113
186 128
186 184
186 304
186 577
186 603
186 850
186 902
186 967
187 194
187 335
187 400
187 448
187 478
187 564
187 598
187 696
187 730
188 102
188 272
188 614
188 711
188 741
188 910
189 187
189 276
189 321
189 351
189 454
189 652
189 737
189 854
189 938
190 30
190 152
190 319
190 403
190 641
190 653
190 656
190 861
190 945
191 160
191 209
191 337
191 345
191 471
191 524
191 542
191 715
191 945
191 984
192 118
192 162
192 244
192 318
192 742
193 60
193 205
193 285
193 300
193 324
193 331
193 342
193 494
193 609
193 867
193 872
193 915
194 0
194 128
194 295
195 21
195 37
195 100
195 218
195 395
195 457
195 670
195 828
195 951
196 129
196 271
196 406
196 419
196 521
196 668
196 828
196 880
196 889
196 891
196 934
196 963
197 121
197 191
197 244
197 321
197 501
197 542
197 569
197 828
197 930
197 990
198 262
198 531
198 614
198 663
198 815
198 850
198 852
199 26
199 431
199 448
200 117
200 318
200 416
200 544
200 690
200 751
200 850
200 893
200 979
201 69
201 315
201 321
201 403
201 660
201 973
202 1
202 75
202 221
202 389
202 440
202 514
202 589
202 668
202 692
202 858
202 917
202 950
203 21
203 56
203 196
203 277
203 564
203 824
203 890
203 951
204 37
204 90
204 191
204 273
204 413
204 593
204 599
204 704
204 805
204 874
204 891
204 978
205 8
205 198
205 267
205 408
205 555
205 593
205 595
206 117
206 160
206 163
206 593
206 739
207 1
207 8
207 16
207 132
207 161
207 163
207 187
207 261
207 327
207 400
207 438
207 478
207 805
207 821
207 828
208 38
208 81
208 310
208 331
208 424
208 587
208 709
208 740
208 919
208 920
208 921
208 946
209 141
209 254
209 308
209 507
209 524
209 725
209 738
209 739
209 815
210 108
210 368
210 396
210 478
210 596
210 668
210 702
210 792
210 918
210 964
210 997
211 16
211 178
211 308
211 323
211 327
211 408
211 555
211 801
211 917
212 358
212 455
212 636
212 717
212 963
213 349
213 421
213 657
213 725
214 131
214 185
214 189
214 255
214 449
214 492
214 609
214 690
215 279
215 310
215 472
215 541
215 739
215 746
215 858
215 968
216 34
216 141
216 185
216 324
216 549
216 618
216 852
216 909
216 942
217 60
217 128
217 532
217 744
217 868
218 305
218 336
218 550
218 616
218 617
218 639
218 723
218 791
218 862
218 898
218 917
218 998
219 129
219 451
219 523
219 584
219 657
219 721
219 824
219 935
219 979
220 116
220 185
220 384
220 495
220 524
220 593
220 657
220 748
220 751
221 119
221 141
221 345
221 390
221 523
221 589
221 620
221 690
221 782
222 25
222 301
222 305
222 395
222 400
222 605
222 859
222 966
223 195
223 245
223 281
223 321
223 324
223 523
223 587
223 614
223 639
223 765
223 815
223 931
223 962
223 983
224 200
224 271
224 275
224 404
224 663
224 672
224 741
224 774
224 794
224 853
224 889
225 21
225 117
225 140
225 400
225 409
225 419
225 595
225 792
225 801
226 34
226 140
226 185
226 188
226 341
226 393
226 494
226 502
226 625
226 640
226 674
226 801
227 1
227 39
227 131
227 194
227 276
227 407
228 23
228 34
228 199
228 221
228 320
228 425
228 457
228 518
228 609
228 615
228 682
228 719
228 898
228 944
228 951
228 966
229 30
229 46
229 195
229 239
229 276
229 308
229 425
229 507
229 549
229 597
229 709
229 919
229 932
230 116
230 200
230 219
230 619
230 867
231 191
231 194
231 245
231 387
231 438
231 542
231 686
231 734
231 813
231 950
231 975
232 30
232 88
232 230
232 474
232 533
232 680
232 686
232 733
232 764
232 837
232 967
233 46
233 210
233 265
233 409
233 479
233 501
233 593
233 913
234 209
234 216
234 507
234 582
234 589
234 616
234 672
235 0
235 18
235 39
235 66
235 91
235 285
235 452
235 667
235 671
236 60
236 132
236 205
236 240
236 271
236 318
236 395
236 578
236 596
236 599
236 619
236 644
236 691
236 833
236 867
236 919
236 951
237 81
237 91
237 99
237 277
237 492
237 496
237 516
237 566
237 607
237 645
237 781
237 896
237 938
238 335
238 364
238 492
238 565
238 617
238 912
239 141
239 194
239 316
239 345
239 390
239 457
239 523
239 686
239 690
239 963
239 971
240 10
240 178
240 239
240 308
240 746
240 932
241 154
241 209
241 215
241 234
241 261
241 276
241 375
241 408
241 925
242 244
242 246
242 330
242 396
242 401
242 406
242 471
242 531
242 550
242 617
242 646
243 2
243 154
243 192
243 194
243 205
243 440
243 586
243 898
244 43
244 44
244 132
244 221
244 267
244 668
244 849
244 863
244 869
244 889
244 891
244 917
244 920
244 934
245 14
245 143
245 279
245 338
245 427
245 491
245 802
245 821
245 878
245 891
245 928
246 159
246 577
246 593
246 748
246 764
246 783
246 857
246 945
246 963
247 108
247 389
247 428
247 578
248 103
248 245
248 308
248 349
248 406
248 451
248 468
248 524
248 709
248 733
248 905
249 24
249 91
249 99
249 154
249 162
249 202
249 416
249 423
249 424
249 601
249 625
249 660
249 806
249 908
249 917
249 959
249 992
250 11
250 67
250 115
250 179
250 344
250 498
250 526
250 558
250 781
250 822
250 850
250 861
250 925
250 946
250 981
251 15
251 57
251 72
251 105
251 135
251 141
251 303
251 431
251 588
251 744
251 792
251 853
251 974
252 230
252 376
252 408
252 585
252 829
252 846
252 914
252 925
253 60
253 116
253 136
253 205
253 303
253 449
253 477
253 621
254 24
254 30
254 100
254 172
254 408
254 482
254 879
255 152
255 308
255 399
255 601
255 654
255 811
255 875
255 893
256 111
256 190
256 210
256 318
256 419
256 679
256 685
256 805
256 868
256 900
257 19
257 34
257 39
257 72
257 203
257 271
257 308
257 593
257 798
257 829
257 895
257 920
257 939
258 270
258 336
258 364
258 440
258 521
258 549
258 900
258 951
259 67
259 117
259 224
259 268
259 376
259 426
259 443
259 514
259 531
259 614
259 750
260 103
260 117
260 124
260 143
260 215
260 236
260 315
260 596
260 692
260 831
260 886
261 4
261 117
261 172
261 254
261 307
261 321
261 345
261 504
261 566
261 593
261 649
261 815
262 34
262 344
262 406
262 773
262 800
262 831
262 909
262 925
263 18
263 322
263 455
263 458
263 504
263 589
263 592
263 768
263 802
263 862
263 875
264 26
264 97
264 168
264 227
264 321
264 351
264 387
264 417
264 441
264 467
264 659
264 686
264 720
264 764
264 766
264 768
264 893
265 10
265 19
265 91
265 345
265 395
265 396
265 591
265 632
265 769
266 108
266 205
266 218
266 249
266 521
266 538
266 542
266 843
267 111
267 545
267 706
267 737
267 739
267 773
268 72
268 76
268 141
268 159
268 334
268 348
268 599
268 654
268 703
268 803
268 879
268 917
269 123
269 124
269 327
269 328
269 364
269 481
269 517
269 526
269 616
269 620
269 654
269 746
269 766
269 808
269 925
270 34
270 141
270 384
270 400
270 428
270 600
270 601
270 615
270 653
270 677
270 703
270 790
270 919
270 978
271 184
271 240
271 425
271 472
271 495
271 609
271 692
271 805
271 857
271 873
271 916
272 239
272 366
272 400
272 419
272 512
272 618
273 172
273 359
273 577
273 593
273 952
273 987
274 18
274 170
274 215
274 322
274 409
274 458
274 504
274 523
274 592
274 690
274 768
274 802
275 113
275 129
275 191
275 238
275 266
275 308
275 516
275 517
275 588
275 619
275 677
275 811
275 850
275 854
275 952
276 90
276 161
276 219
276 416
276 533
276 577
276 593
276 601
276 613
276 674
276 676
277 12
277 30
277 34
277 87
277 173
277 190
277 385
277 555
277 588
277 800
278 14
278 141
278 189
278 192
278 205
278 308
278 387
278 470
278 478
278 479
278 500
278 562
278 614
278 723
278 724
278 783
278 865
278 917
278 958
278 981
279 67
279 178
279 427
279 571
279 617
279 775
280 12
280 141
280 204
280 269
280 318
280 336
280 345
280 558
280 624
280 670
281 18
281 60
281 117
281 128
281 142
281 275
281 445
281 448
281 612
281 618
281 645
281 790
282 98
282 147
282 364
282 390
282 455
282 589
282 741
282 742
282 781
282 859
282 862
282 873
282 875
282 963
283 225
283 319
283 419
283 505
283 579
283 582
283 653
283 709
283 952
283 958
283 959
283 978
284 131
284 255
284 474
284 609
284 902
284 966
285 162
285 189
285 190
285 215
285 262
285 292
285 321
285 359
285 463
285 549
285 701
285 898
285 906
286 6
286 245
286 448
286 591
286 593
286 664
286 668
286 718
286 846
287 152
287 318
287 589
287 856
288 177
288 191
288 305
288 774
289 141
289 162
289 408
289 423
289 686
289 732
289 824
289 846
289 953
290 15
290 100
290 229
290 314
290 319
290 406
290 657
290 685
291 74
291 143
291 322
291 402
291 459
291 628
291 742
291 755
291 792
291 831
291 895
291 992
292 42
292 195
292 283
292 395
292 523
292 700
292 831
292 844
292 846
293 108
293 186
293 210
293 275
293 338
293 344
293 365
293 395
293 500
293 724
293 788
293 916
293 991
294 103
294 196
294 213
294 315
294 334
294 394
294 449
294 630
294 662
294 709
294 751
294 881
294 993
295 30
295 49
295 186
295 221
295 254
295 275
295 408
295 416
295 434
295 589
295 807
295 808
295 991
296 3
296 16
296 34
296 90
296 158
296 300
296 321
296 408
296 492
296 544
296 595
296 609
296 615
296 625
296 732
296 737
296 741
296 747
296 784
296 946
296 970
297 12
297 258
297 433
297 538
297 625
297 831
297 964
298 38
298 70
298 234
298 265
298 316
298 345
298 358
298 427
298 549
298 550
298 552
298 654
298 677
298 735
298 773
298 912
298 938
298 970
299 186
299 190
299 253
299 279
299 327
299 352
299 443
299 478
299 491
299 512
299 565
299 664
300 221
300 310
300 322
300 473
300 587
300 878
301 106
301 657
302 87
302 108
302 137
302 265
302 308
302 616
302 773
302 917
302 920
302 945
302 949
303 123
303 416
303 533
303 599
303 724
303 938
304 14
304 141
304 319
304 321
304 458
304 478
304 485
304 582
304 599
304 615
304 858
304 917
305 32
305 129
305 234
305 423
305 824
305 923
305 946
305 967
306 49
306 81
306 218
306 419
306 748
306 774
306 917
306 939
306 967
306 984
307 1
307 18
307 28
307 117
307 145
307 146
307 178
307 210
307 232
307 266
307 288
307 417
307 586
307 872
308 214
308 337
308 396
308 407
308 411
308 567
308 588
308 663
308 724
308 826
308 833
308 923
308 970
308 977
309 19
309 221
309 234
309 321
309 325
309 416
309 438
309 449
309 852
309 923
310 21
310 39
310 140
310 170
310 178
310 189
310 213
310 277
310 384
310 395
310 663
310 774
310 946
310 963
311 13
311 18
311 43
311 87
311 186
311 189
311 221
311 239
311 241
311 279
311 331
311 395
311 545
311 614
311 688
311 822
311 859
311 918
312 170
312 244
312 457
312 744
312 776
312 805
312 974
313 48
313 194
313 563
313 612
313 624
313 801
314 152
314 202
314 357
314 419
314 532
314 659
314 690
314 718
315 67
315 181
315 196
315 628
315 692
315 747
315 773
315 979
316 34
316 315
316 445
316 527
316 685
316 780
317 23
317 74
317 143
317 220
317 265
317 349
317 390
317 478
317 577
317 628
317 742
317 872
317 878
317 898
318 185
318 246
318 308
318 478
318 790
318 815
318 831
319 11
319 362
319 522
319 563
319 582
319 596
319 610
319 617
319 679
319 750
319 815
319 898
319 966
320 396
320 490
320 704
320 799
320 889
320 932
320 958
321 8
321 19
321 113
321 140
321 258
321 351
321 375
321 478
321 669
321 703
322 457
322 709
322 755
322 891
323 261
323 479
323 593
323 748
323 916
323 939
324 6
324 78
324 131
324 152
324 184
324 254
324 452
324 492
324 504
324 599
324 644
324 717
324 718
324 780
324 822
324 857
325 75
325 100
325 117
325 524
325 562
325 595
325 621
325 624
325 628
325 721
325 783
326 8
326 98
326 545
326 580
326 706
326 821
327 86
327 207
327 396
327 474
327 511
327 747
327 769
327 868
327 916
328 136
328 258
328 302
328 322
328 344
328 399
328 552
328 828
328 881
328 932
329 99
329 162
329 227
329 376
329 555
329 605
329 653
329 872
329 894
330 34
330 111
330 589
330 797
330 830
330 893
330 945
331 232
331 365
331 524
331 659
331 709
331 898
332 18
332 322
332 457
332 563
332 593
332 641
332 693
332 925
332 934
332 984
333 110
333 189
333 529
333 620
333 662
333 725
333 739
333 816
333 829
333 864
333 895
333 959
334 46
334 97
334 121
334 166
334 219
334 375
334 458
334 577
334 589
334 615
334 914
335 21
335 244
335 308
335 514
335 542
335 743
335 748
335 842
335 966
336 47
336 313
336 542
336 600
336 692
336 747
336 755
336 822
336 928
337 162
337 186
337 190
337 318
337 419
337 448
337 608
337 851
337 921
337 977
338 1
338 44
338 85
338 210
338 318
338 478
338 589
338 595
338 827
338 829
338 858
338 898
338 958
338 988
339 135
339 186
339 314
339 552
339 637
339 709
340 140
340 194
340 254
340 396
340 408
340 461
340 719
340 882
340 891
341 14
341 16
341 28
341 112
341 123
341 190
341 261
341 351
341 430
341 448
341 689
341 704
341 737
341 946
341 971
342 29
342 815
342 903
343 33
343 123
343 394
343 527
343 532
343 749
344 324
344 396
344 416
344 427
344 431
344 821
344 878
345 33
345 102
345 351
345 504
345 698
345 703
345 791
345 938
346 18
346 139
346 261
346 352
346 495
346 546
346 562
346 589
346 733
347 60
347 162
347 190
347 230
347 321
347 427
347 435
347 478
347 701
347 741
347 751
347 854
347 914
347 928
348 178
348 241
348 343
348 599
348 754
348 898
348 953
349 277
349 402
349 593
349 615
349 819
349 842
349 906
349 952
350 2
350 89
350 323
350 427
350 497
350 599
350 842
350 881
351 162
351 203
351 210
351 313
351 349
351 408
351 459
351 507
351 514
351 593
351 595
351 622
351 810
351 935
351 964
352 161
352 315
352 349
352 611
352 623
352 738
352 831
352 886
353 19
353 34
353 87
353 90
353 102
353 178
353 181
353 239
353 298
353 335
353 357
353 455
353 491
353 593
353 733
353 773
353 800
353 861
353 872
353 921
353 981
354 186
354 248
354 277
354 293
354 326
354 375
354 514
354 589
354 619
354 703
354 816
354 833
355 48
355 102
355 321
355 523
355 610
355 619
355 641
355 737
355 755
355 797
355 805
355 932
355 965
356 0
356 596
356 829
356 863
357 56
357 101
357 202
357 428
357 653
357 755
357 831
357 893
357 898
357 992
358 128
358 329
358 545
358 872
358 981
359 111
359 190
359 213
359 310
359 605
359 805
359 896
359 946
360 19
360 301
360 316
360 364
360 375
360 426
360 427
360 495
360 742
360 749
360 828
360 932
361 32
361 143
361 265
361 270
361 284
361 315
361 609
361 623
361 717
361 831
361 992
362 22
362 215
362 219
362 241
362 308
362 367
362 388
362 423
362 497
362 589
362 618
362 621
362 741
362 944
363 4
363 42
363 162
363 222
363 270
363 308
363 318
363 322
363 457
363 502
363 523
363 638
363 846
363 881
363 889
363 925
363 935
364 28
364 210
364 238
364 239
364 308
364 406
364 764
365 67
365 307
365 542
365 567
365 741
365 852
365 915
366 24
366 56
366 113
366 155
366 244
366 358
366 427
366 542
366 577
366 580
366 601
366 718
366 833
366 868
367 81
367 190
367 261
367 277
367 350
367 596
367 617
367 663
367 680
367 692
367 723
367 791
367 819
367 898
367 959
368 63
368 263
368 664
368 680
368 733
368 739
368 768
368 846
368 967
369 32
369 56
369 175
369 245
369 292
369 362
369 366
369 409
369 544
369 563
369 582
369 589
369 613
369 721
369 794
369 847
369 935
369 939
369 966
369 977
369 981
370 215
370 293
370 390
370 550
370 585
370 606
370 653
370 656
370 663
370 847
370 912
370 919
370 970
371 2
371 14
371 134
371 190
371 244
371 401
371 558
371 583
371 830
371 861
371 912
371 974
371 984
372 129
372 266
372 406
372 424
372 521
372 593
372 659
372 866
372 880
372 963
373 26
373 366
373 798
373 828
373 857
373 867
374 67
374 87
374 113
374 123
374 238
374 276
374 328
374 352
374 429
374 524
374 680
374 748
374 797
374 867
374 891
374 917
375 184
375 244
375 524
375 596
375 697
375 756
375 853
375 917
375 959
375 977
376 69
376 170
376 577
376 646
377 75
377 101
377 117
377 200
377 221
377 244
377 267
377 355
377 458
377 601
377 746
377 822
377 843
377 912
377 920
378 75
378 310
378 390
378 577
378 599
378 617
378 629
378 630
378 916
379 132
379 155
379 421
379 427
379 507
379 558
379 749
380 199
380 215
380 221
380 388
380 423
380 497
380 589
380 609
380 615
380 621
380 718
380 898
380 944
381 60
381 586
381 595
381 792
382 194
382 213
382 229
382 261
382 318
382 437
382 455
382 965
383 91
383 514
383 635
383 846
383 850
383 984
384 30
384 159
384 358
384 400
384 445
384 531
384 612
384 691
384 720
385 6
385 110
385 162
385 191
385 194
385 196
385 384
385 425
385 444
385 544
385 600
385 676
385 788
385 805
385 878
386 186
386 194
386 221
386 250
386 319
386 408
386 474
386 507
386 601
386 735
386 810
387 6
387 42
387 123
387 187
387 207
387 242
387 412
387 455
387 577
387 587
387 602
387 680
387 737
387 839
387 992
387 997
388 14
388 50
388 56
388 67
388 290
388 444
388 448
388 549
388 656
388 663
388 744
388 801
388 856
388 925
389 22
389 124
389 135
389 189
389 293
389 417
389 455
389 474
389 477
389 478
389 559
389 582
389 689
389 699
389 717
389 829
389 939
389 946
390 190
390 321
390 368
390 431
390 505
390 618
390 672
390 691
390 704
390 734
391 48
391 98
391 261
391 271
391 345
391 431
391 489
391 748
391 751
392 1
392 12
392 194
392 272
392 304
392 335
392 529
392 582
392 766
392 871
393 32
393 60
393 98
393 240
393 319
393 335
393 344
393 366
393 435
393 474
393 531
393 544
393 632
393 829
393 946
394 28
394 117
394 280
394 335
394 349
394 409
394 420
394 444
394 457
394 470
394 567
394 599
394 617
395 21
395 90
395 304
395 455
395 495
395 707
395 887
395 970
396 63
396 72
396 111
396 115
396 147
396 161
396 210
396 328
396 589
396 725
396 739
396 797
396 878
396 889
396 945
397 1
397 33
397 141
397 215
397 351
397 431
397 433
397 513
397 664
397 827
397 908
397 915
397 951
397 979
397 995
398 93
398 186
398 202
398 210
398 593
398 724
398 875
398 939
399 24
399 29
399 30
399 86
399 215
399 365
399 495
399 496
399 738
399 770
400 67
400 108
400 185
400 327
400 339
400 393
400 408
400 544
400 568
400 617
400 704
400 706
400 718
400 778
400 934
401 14
401 100
401 227
401 347
401 406
401 589
401 820
401 846
401 868
402 186
402 408
402 428
402 543
402 595
402 616
402 859
402 959
402 965
403 190
403 321
403 478
403 751
403 791
403 881
403 898
404 42
404 195
404 324
404 331
404 448
404 470
404 479
404 481
404 741
404 946
404 959
405 8
405 116
405 123
405 262
405 382
405 478
405 545
405 706
405 828
405 833
405 853
405 873
405 905
405 987
405 990
406 119
406 189
406 190
406 301
406 346
406 428
406 435
406 588
406 748
406 851
406 995
407 16
407 49
407 67
407 160
407 262
407 273
407 455
407 850
407 931
408 135
408 186
408 314
408 552
408 563
408 637
408 709
408 889
409 21
409 113
409 144
409 387
409 390
409 416
409 457
409 472
409 567
409 588
409 632
409 732
409 766
409 886
410 18
410 54
410 218
410 339
410 406
410 425
410 964
411 0
411 218
411 319
411 401
411 451
411 495
411 545
411 607
411 821
411 844
411 878
411 931
412 51
412 152
412 170
412 277
412 324
412 378
412 452
412 507
412 543
412 614
412 802
412 812
412 914
412 917
412 932
412 959
413 93
413 202
413 490
413 612
413 635
413 724
413 826
413 889
414 56
414 60
414 207
414 221
414 290
414 293
414 337
414 366
414 378
414 419
414 542
414 589
414 635
414 664
414 672
415 86
415 111
415 253
415 315
415 321
415 347
415 470
415 492
415 514
415 653
415 668
415 694
415 741
415 747
415 748
415 820
415 827
416 141
416 186
416 244
416 319
416 388
416 595
416 635
416 702
416 751
417 12
417 72
417 161
417 186
417 271
417 489
417 549
417 557
417 603
417 639
417 651
417 689
417 700
418 66
418 99
418 141
418 308
418 408
418 575
418 636
418 653
418 659
418 664
418 771
418 886
418 959
419 8
419 271
419 275
419 303
419 408
419 431
419 593
419 741
419 774
419 919
419 946
420 117
420 427
420 640
420 861
420 877
421 138
421 192
421 215
421 220
421 318
421 388
421 408
421 423
421 443
421 497
421 589
421 621
421 742
421 801
421 857
421 944
421 972
422 141
422 167
422 194
422 389
422 426
422 431
422 478
422 482
422 562
422 601
422 619
422 667
422 876
422 981
423 189
423 265
423 339
423 342
423 408
423 443
423 578
423 738
423 764
423 784
423 828
423 878
423 919
424 32
424 242
424 267
425 56
425 167
425 179
425 189
425 298
425 357
425 431
425 871
425 979
426 29
426 132
426 162
426 186
426 196
426 345
426 448
426 608
426 660
426 921
427 86
427 445
427 577
427 656
427 739
427 922
427 931
428 154
428 230
428 507
428 539
428 544
428 557
428 614
428 621
428 635
428 815
428 879
428 984
429 117
429 125
429 151
429 161
429 250
429 273
429 304
429 394
429 401
429 419
429 426
429 524
429 618
429 682
429 703
429 805
429 922
429 993
430 103
430 300
430 321
430 449
430 764
430 766
430 773
430 992
431 2
431 151
431 154
431 401
431 440
431 703
431 898
432 20
432 431
432 478
432 485
432 649
432 749
432 805
432 958
433 32
433 57
433 60
433 72
433 172
433 184
433 356
433 656
433 669
433 740
433 741
433 776
433 861
433 867
433 959
434 19
434 62
434 158
434 210
434 230
434 248
434 308
434 310
434 612
434 619
434 740
434 774
434 799
434 846
434 921
434 963
435 143
435 308
435 364
435 366
435 478
436 48
436 138
436 185
436 189
436 344
436 441
436 459
436 567
436 593
436 595
436 628
436 691
436 701
436 850
436 860
437 44
437 60
437 91
437 128
437 140
437 159
437 239
437 270
437 336
437 440
437 521
437 619
437 900
437 977
438 99
438 104
438 186
438 514
438 592
438 593
438 861
438 875
438 886
438 922
438 959
439 44
439 215
439 335
439 345
439 408
439 653
439 668
439 724
440 128
440 134
440 241
440 252
440 593
440 621
440 746
440 805
441 166
441 375
441 390
441 424
441 458
441 500
441 523
441 638
441 677
441 770
441 819
441 873
442 32
442 67
442 250
442 308
442 331
442 443
442 562
442 633
442 821
442 903
443 34
443 132
443 195
443 307
443 390
443 512
443 552
443 733
444 18
444 28
444 56
444 141
444 143
444 166
444 187
444 270
444 344
444 478
444 544
444 567
444 614
444 622
444 692
445 5
445 42
445 110
445 121
445 367
445 395
445 470
445 521
445 555
445 620
445 662
445 831
445 959
446 393
446 431
446 433
446 709
446 724
447 141
447 279
447 459
447 526
447 533
447 635
447 667
447 861
447 876
447 888
447 891
447 921
447 946
447 981
448 0
448 19
448 62
448 162
448 181
448 293
448 459
448 552
448 599
448 750
448 790
448 822
448 829
448 923
448 995
449 274
449 310
449 550
449 668
449 711
449 855
449 944
450 154
450 185
450 701
450 886
450 995
451 34
451 111
451 445
451 489
451 492
451 524
451 562
451 613
451 721
451 751
451 810
451 828
452 4
452 21
452 110
452 194
452 331
452 455
452 497
452 507
452 672
452 937
453 46
453 78
453 112
453 141
453 191
453 250
453 553
453 668
453 889
453 891
453 934
453 952
454 313
454 315
454 558
454 667
454 679
454 720
454 737
454 831
454 842
454 900
454 944
455 158
455 319
455 328
455 421
455 558
455 586
455 596
455 671
455 815
455 917
456 12
456 170
456 524
456 557
456 578
456 632
456 681
456 700
456 785
456 867
457 102
457 191
457 277
457 315
457 478
457 608
457 830
457 856
457 893
457 928
457 970
458 42
458 67
458 191
458 398
458 400
458 427
458 542
458 709
458 853
459 24
459 186
459 425
459 600
459 805
460 113
460 209
460 245
460 262
460 301
460 348
460 427
460 473
460 524
460 542
460 603
460 801
460 881
461 38
461 83
461 117
461 375
461 478
461 830
461 880
461 898
461 910
461 937
461 959
462 15
462 42
462 56
462 57
462 72
462 110
462 178
462 194
462 558
462 596
462 668
462 793
462 862
462 870
462 922
463 186
463 304
463 308
463 328
463 720
463 765
463 797
463 798
463 912
464 30
464 98
464 244
464 261
464 318
464 330
464 396
464 401
464 531
464 617
464 646
464 653
464 751
464 934
465 18
465 116
465 141
465 187
465 195
465 239
465 285
465 300
465 645
465 704
465 731
465 751
465 778
465 852
466 28
466 81
466 98
466 100
466 136
466 230
466 262
466 286
466 389
466 593
466 859
466 886
467 34
467 232
467 384
467 406
467 481
467 491
467 900
467 949
468 86
468 117
468 187
468 478
468 749
468 774
468 917
469 250
469 517
469 621
469 718
469 861
470 356
470 406
470 428
470 589
470 649
470 711
470 749
470 814
470 916
471 57
471 166
471 285
471 345
471 413
471 427
471 601
471 645
471 905
471 939
472 186
472 459
472 595
472 610
472 704
472 779
473 5
473 163
473 218
473 230
473 449
473 458
473 587
473 589
473 704
473 720
473 740
473 857
473 901
474 160
474 186
474 234
474 235
474 348
474 445
474 489
474 584
474 605
474 614
474 622
474 886
474 961
474 967
475 149
475 262
475 307
475 620
475 645
475 859
476 140
476 596
476 644
476 867
477 152
477 202
477 357
477 419
477 532
477 652
477 668
477 690
477 756
477 949
478 54
478 170
478 279
478 356
478 427
478 599
478 649
478 773
478 774
478 815
478 973
479 39
479 310
479 315
479 384
479 444
479 492
479 641
479 776
480 365
480 366
480 384
480 406
480 707
480 709
480 854
481 26
481 147
481 478
481 490
481 578
481 805
481 858
482 32
482 396
482 667
482 680
482 741
482 743
482 861
483 178
483 229
483 295
483 438
483 542
483 596
483 668
483 917
484 84
484 132
484 163
484 234
484 376
484 391
484 588
484 623
484 689
484 730
484 768
484 776
484 809
484 952
485 44
485 62
485 158
485 159
485 210
485 421
485 586
485 671
485 740
485 815
485 917
485 977
486 26
486 111
486 221
486 253
486 315
486 340
486 347
486 365
486 375
486 443
486 589
486 662
486 733
486 806
487 190
487 292
487 313
487 536
487 744
487 781
488 146
488 413
488 478
488 584
488 600
488 749
488 879
489 132
489 315
489 330
489 391
489 500
489 600
489 708
489 850
489 879
490 6
490 19
490 51
490 195
490 290
490 301
490 321
490 448
490 538
490 557
490 646
490 761
490 864
490 898
490 922
491 15
491 31
491 48
491 49
491 191
491 195
491 352
491 388
491 408
491 523
491 721
491 781
491 977
492 105
492 117
492 318
492 521
492 623
492 751
492 831
492 878
492 992
493 56
493 141
493 143
493 219
493 334
493 595
493 652
494 100
494 222
494 425
494 426
494 516
494 657
494 671
494 690
495 18
495 194
495 270
495 414
495 461
495 866
495 959
496 1
496 26
496 170
496 186
496 194
496 272
496 305
496 335
496 365
496 389
496 449
496 640
496 657
496 675
496 766
496 871
497 5
497 141
497 232
497 239
497 365
497 524
497 659
497 699
497 702
497 709
497 741
497 750
497 773
497 898
498 56
498 60
498 120
498 179
498 188
498 196
498 203
498 244
498 405
498 408
498 720
498 755
498 792
498 878
499 5
499 14
499 42
499 190
499 209
499 287
499 500
499 577
499 762
499 816
499 925
499 959
500 26
500 113
500 161
500 221
500 224
500 253
500 347
500 662
500 735
500 751
500 920
501 18
501 26
501 30
501 124
501 152
501 154
501 261
501 617
501 680
501 733
501 739
501 770
501 827
501 864
501 878
501 984
502 34
502 132
502 187
502 230
502 365
502 375
502 449
502 478
502 730
502 850
502 914
502 920
503 48
503 188
503 324
503 407
503 416
503 455
503 522
503 709
503 849
503 891
504 22
504 41
504 144
504 219
504 271
504 283
504 345
504 367
504 721
504 741
504 797
504 973
505 131
505 186
505 218
505 395
505 443
505 446
505 593
505 644
505 717
505 718
505 724
506 46
506 445
506 678
506 781
506 845
506 895
506 912
507 24
507 30
507 100
507 172
507 408
507 482
507 879
508 124
508 172
508 422
508 577
508 593
508 683
508 756
509 19
509 168
509 352
509 355
509 567
509 603
509 616
509 665
509 697
509 731
509 826
509 902
510 12
510 321
510 323
510 545
510 593
510 599
510 656
511 116
511 117
511 197
511 357
511 457
511 615
511 653
511 697
511 709
511 959
512 37
512 134
512 406
512 420
512 522
512 593
512 596
513 11
513 30
513 319
513 344
513 569
513 656
513 945
514 34
514 135
514 138
514 218
514 270
514 477
514 657
514 686
514 826
514 883
515 232
515 384
515 900
515 949
516 32
516 111
516 141
516 154
516 161
516 336
516 470
516 474
516 601
516 742
516 914
516 919
517 190
517 310
517 315
517 706
517 739
517 968
518 48
518 239
518 315
518 351
518 408
518 544
518 567
518 641
518 799
518 931
519 41
519 72
519 94
519 184
519 296
519 513
519 549
519 699
519 706
519 743
519 876
519 880
520 262
520 331
520 435
520 550
520 563
521 34
521 101
521 110
521 129
521 152
521 186
521 388
521 481
521 489
521 648
521 657
521 664
521 889
521 909
521 920
521 988
522 262
522 267
522 308
522 431
522 449
522 718
522 723
522 791
523 34
523 91
523 162
523 709
523 798
523 801
524 132
524 177
524 181
524 195
524 205
524 318
524 417
524 523
524 542
524 544
524 728
524 778
524 891
524 901
525 23
525 227
525 308
525 406
525 452
525 587
525 597
525 614
525 686
525 837
525 900
525 967
526 87
526 524
526 733
526 790
527 194
527 279
527 337
527 376
527 425
527 448
527 470
527 567
527 588
527 663
527 977
528 86
528 181
528 308
528 458
528 690
528 739
529 16
529 331
529 407
529 481
529 599
529 633
529 709
529 815
529 886
529 896
530 186
530 199
530 323
530 521
530 562
530 726
530 775
530 805
530 893
530 925
531 19
531 113
531 154
531 345
531 375
531 478
531 659
531 669
531 680
531 703
531 807
531 850
532 56
532 387
532 394
532 431
532 452
532 550
532 694
532 720
532 739
532 931
533 42
533 56
533 180
533 236
533 242
533 258
533 273
533 286
533 319
533 351
533 475
533 523
533 562
533 587
533 598
533 917
534 60
534 143
534 170
534 260
534 276
534 386
534 587
534 593
534 677
534 846
534 951
534 978
535 12
535 81
535 87
535 144
535 293
535 336
535 577
535 588
535 725
535 915
536 152
536 452
536 492
536 504
536 514
536 569
536 738
536 833
537 56
537 72
537 86
537 186
537 292
537 328
537 423
537 478
537 544
537 623
537 709
537 822
538 29
538 60
538 162
538 227
538 521
538 593
538 755
538 807
539 30
539 145
539 177
539 303
539 308
539 324
539 384
539 526
539 625
539 656
539 670
539 755
540 19
540 46
540 336
540 408
540 427
540 675
540 875
541 3
541 37
541 78
541 445
541 513
541 566
541 679
541 889
541 981
542 15
542 190
542 267
542 310
542 315
542 555
542 739
542 968
543 91
543 152
543 308
543 502
543 654
543 811
543 928
544 81
544 112
544 191
544 319
544 552
544 616
544 632
544 857
544 882
545 48
545 177
545 318
545 417
545 523
545 542
545 574
545 891
546 6
546 102
546 185
546 349
546 403
546 427
546 444
546 520
546 721
546 852
546 880
546 931
546 973
547 18
547 128
547 241
547 252
547 275
547 318
547 345
547 445
547 448
547 589
547 593
547 618
547 621
547 746
547 769
547 776
547 798
547 846
547 866
548 170
548 184
548 321
548 341
548 421
548 439
548 542
548 653
548 737
548 750
548 778
548 799
549 189
549 261
549 472
549 526
549 582
549 596
549 606
549 697
549 750
549 842
549 853
549 858
550 136
550 234
550 308
550 406
550 680
550 881
551 170
551 245
551 315
551 387
551 540
551 555
551 614
551 778
551 794
551 833
551 867
552 18
552 28
552 32
552 194
552 279
552 324
552 356
552 523
552 596
552 709
552 905
553 42
553 78
553 189
553 319
553 351
553 523
553 553
553 657
553 773
553 905
553 919
554 12
554 288
554 348
554 386
554 558
554 567
554 656
554 852
554 892
555 44
555 74
555 159
555 177
555 321
555 337
555 416
555 427
555 567
555 588
555 663
555 916
555 977
556 81
556 230
556 408
556 492
556 539
556 596
556 645
556 651
556 917
556 941
557 118
557 136
557 162
557 244
557 258
557 318
557 399
557 552
557 742
557 932
558 134
558 348
558 427
558 461
559 14
559 30
559 54
559 69
559 222
559 267
559 283
559 351
559 352
559 388
559 396
559 441
559 474
559 589
559 739
559 746
559 944
560 59
560 90
560 318
560 331
560 455
560 653
560 981
561 29
561 78
561 85
561 108
561 154
561 265
561 304
561 310
561 492
561 550
561 635
561 855
561 878
561 920
561 945
562 227
562 690
562 724
562 764
563 523
563 623
563 723
563 809
563 848
563 861
563 967
564 122
564 146
564 187
564 221
564 236
564 328
564 492
564 577
564 596
564 601
564 653
564 741
564 824
564 831
564 860
564 889
564 997
565 19
565 29
565 170
565 406
565 582
565 680
565 711
565 797
565 861
565 946
566 15
566 131
566 307
566 311
566 336
566 449
566 466
566 612
566 619
566 663
566 744
566 831
567 21
567 366
567 423
567 437
567 659
567 794
567 827
567 862
567 867
567 914
567 973
568 526
568 688
568 889
569 110
569 116
569 318
569 507
569 605
569 690
569 846
569 894
569 952
570 12
570 14
570 34
570 85
570 191
570 748
571 304
571 419
571 426
571 618
571 993
572 11
572 57
572 351
572 448
572 620
572 720
572 749
572 916
572 946
572 966
572 967
573 13
573 30
573 72
573 242
573 276
573 349
573 406
573 446
573 452
573 668
573 733
573 959
573 984
574 16
574 86
574 110
574 313
574 425
574 428
574 635
574 748
574 826
575 276
575 285
575 438
575 670
575 778
575 909
576 31
576 77
576 141
576 194
576 305
576 366
576 852
577 19
577 20
577 431
577 455
577 479
577 589
577 601
577 635
577 649
577 801
577 932
578 258
578 267
578 433
578 538
578 625
578 741
578 805
578 858
578 861
578 964
579 68
579 91
579 108
579 136
579 195
579 234
579 376
579 492
579 539
579 609
579 662
579 741
579 831
580 110
580 215
580 315
580 323
580 410
580 623
580 704
580 709
580 788
580 958
581 18
581 177
581 191
581 210
581 305
581 552
581 585
581 610
581 615
581 720
581 743
581 774
581 842
581 972
581 984
582 28
582 86
582 140
582 207
582 308
582 401
582 552
582 659
582 778
582 908
583 38
583 143
583 194
583 301
583 533
583 564
583 599
583 723
583 816
583 898
584 44
584 85
584 152
584 183
584 186
584 215
584 270
584 437
584 527
584 589
584 776
584 798
584 866
584 874
585 241
585 261
585 579
585 831
585 932
585 981
586 146
586 413
586 478
586 584
586 600
586 749
586 879
587 60
587 142
587 175
587 225
587 331
587 550
587 690
587 709
587 959
588 67
588 183
588 184
588 189
588 194
588 238
588 310
588 495
588 550
588 855
588 873
588 912
588 993
589 321
589 602
589 636
589 859
589 992
590 123
590 187
590 190
590 194
590 227
590 234
590 265
590 477
590 526
590 529
590 574
590 680
590 914
590 967
591 6
591 12
591 207
591 250
591 310
591 408
591 531
591 556
591 706
591 877
591 917
591 920
591 986
592 6
592 46
592 117
592 159
592 161
592 177
592 419
592 470
592 792
592 909
593 139
593 308
593 396
593 452
593 946
593 978
593 999
594 117
594 328
594 390
594 459
594 851
595 111
595 407
595 659
595 668
595 815
595 978
596 56
596 117
596 162
596 221
596 232
596 290
596 293
596 331
596 508
596 664
596 672
597 68
597 139
597 262
597 273
597 314
597 433
597 717
597 793
597 928
597 981
598 18
598 313
598 482
598 570
598 987
599 14
599 20
599 30
599 207
599 220
599 496
599 523
599 532
599 587
599 659
599 740
599 742
599 769
599 803
599 831
599 852
599 918
599 967
600 16
600 18
600 47
600 187
600 239
600 285
600 300
600 414
600 430
600 478
600 704
600 731
600 852
601 123
601 137
601 214
601 308
601 318
601 419
601 429
601 584
601 595
601 607
601 749
601 829
601 850
601 899
601 963
602 30
602 56
602 102
602 147
602 152
602 178
602 185
602 190
602 318
602 376
602 419
602 653
602 657
602 792
602 977
603 32
603 57
603 74
603 108
603 187
603 194
603 199
603 244
603 290
603 318
603 521
603 725
603 925
603 959
603 977
603 985
604 14
604 39
604 191
604 351
604 370
604 737
604 813
604 829
604 850
604 861
604 875
604 984
605 108
605 389
605 428
605 578
606 136
606 146
606 269
606 413
606 414
606 478
606 584
606 600
606 749
606 879
607 14
607 18
607 138
607 288
607 342
607 538
607 542
607 605
607 697
607 800
607 850
607 854
607 989
608 137
608 218
608 239
608 322
608 396
608 523
608 657
608 764
609 136
609 219
609 263
609 327
609 421
609 449
609 474
609 492
609 621
609 630
609 792
609 854
610 21
610 246
610 406
610 471
610 514
610 542
610 550
610 563
610 743
611 153
611 154
611 187
611 202
611 210
611 233
611 293
611 395
611 408
611 438
611 443
611 478
611 492
611 504
611 616
611 720
611 749
612 266
612 285
612 310
612 345
612 426
612 457
612 632
612 711
612 751
612 831
612 854
612 920
613 26
613 96
613 187
613 408
613 443
613 478
613 523
613 749
613 893
613 898
613 931
614 136
614 239
614 303
614 449
614 561
614 621
614 640
614 781
614 908
614 932
615 21
615 86
615 94
615 141
615 387
615 472
615 516
615 595
615 596
615 607
615 680
615 733
615 889
615 938
616 39
616 60
616 203
616 229
616 241
616 245
616 310
616 331
616 349
616 438
616 615
616 635
616 663
616 778
616 828
616 898
616 925
616 946
617 115
617 415
617 440
617 507
617 544
617 617
617 633
617 709
617 861
617 867
617 895
617 925
618 34
618 395
618 523
618 532
618 658
618 879
619 26
619 87
619 123
619 194
619 219
619 569
619 626
619 872
620 99
620 141
620 190
620 427
620 788
620 852
620 878
621 0
621 113
621 187
621 245
621 455
621 633
621 659
621 735
622 117
622 277
622 278
622 318
622 402
622 408
622 514
622 545
622 653
622 668
622 802
623 67
623 161
623 296
623 345
623 474
623 562
623 741
623 873
624 93
624 448
624 465
624 690
624 944
625 14
625 274
625 427
625 429
625 576
625 624
625 704
625 879
626 14
626 56
626 117
626 141
626 146
626 221
626 290
626 293
626 327
626 664
626 672
626 865
626 878
626 899
626 932
627 39
627 400
627 461
627 593
627 704
627 844
627 869
628 135
628 293
628 351
628 563
628 733
628 916
629 44
629 67
629 93
629 113
629 141
629 205
629 288
629 398
629 400
629 550
629 585
629 659
629 810
629 822
629 906
630 75
630 101
630 313
630 428
630 595
630 646
630 710
630 882
630 898
630 912
631 350
631 499
631 600
631 829
631 976
632 10
632 36
632 110
632 478
632 489
632 514
632 664
632 676
632 814
632 865
632 886
632 893
632 916
633 160
633 163
633 175
633 262
633 331
633 350
633 389
633 435
633 550
633 563
633 593
633 699
633 802
633 863
633 912
634 61
634 185
634 234
634 285
634 345
634 376
634 563
634 645
634 978
634 992
635 56
635 286
635 338
635 408
635 532
635 626
635 668
636 60
636 404
636 492
636 742
636 752
637 14
637 46
637 213
637 222
637 411
637 441
637 492
637 589
637 645
637 738
637 931
638 16
638 152
638 241
638 318
638 324
638 396
638 494
638 653
638 774
638 805
638 947
639 21
639 32
639 128
639 326
639 478
639 635
639 685
639 709
639 739
639 830
639 912
639 946
639 952
640 141
640 185
640 224
640 328
640 564
641 179
641 199
641 244
641 563
641 909
642 315
642 408
642 478
642 587
642 614
642 615
643 136
643 230
643 421
643 523
643 634
643 680
644 56
644 91
644 162
644 326
644 427
644 428
644 448
644 653
644 769
644 898
644 923
644 946
645 141
645 185
645 240
645 328
645 442
645 628
645 693
645 747
645 776
646 69
646 195
646 559
646 827
646 891
647 0
647 26
647 519
647 690
647 761
648 16
648 185
648 186
648 219
648 305
648 448
648 479
648 589
648 599
648 615
648 733
648 783
649 43
649 79
649 110
649 315
649 614
649 680
650 117
650 135
650 250
650 387
650 394
650 408
650 468
650 552
650 709
650 922
651 14
651 186
651 220
651 250
651 267
651 585
651 926
652 24
652 90
652 202
652 239
652 281
652 408
652 601
653 119
653 221
653 309
653 489
653 653
654 10
654 18
654 216
654 227
654 349
654 472
654 585
654 693
654 721
654 739
654 764
655 81
655 218
655 235
655 433
655 500
655 598
655 624
655 653
655 657
655 668
656 19
656 34
656 39
656 72
656 203
656 308
656 409
656 451
656 621
656 720
656 853
656 898
657 18
657 509
657 539
657 548
657 608
657 662
657 672
657 764
657 950
657 992
658 105
658 158
658 178
658 308
658 396
658 449
658 538
658 599
658 636
659 0
659 49
659 230
659 336
659 376
659 587
659 847
659 852
660 116
660 117
660 121
660 253
660 271
660 330
660 408
660 509
660 783
660 959
661 128
661 134
661 241
661 252
661 593
661 746
661 789
661 805
662 138
662 189
662 331
662 344
662 458
662 567
662 595
662 628
662 691
662 701
662 778
662 783
662 850
662 886
662 895
663 46
663 108
663 275
663 441
663 502
663 544
663 737
663 819
663 821
663 833
664 14
664 48
664 161
664 163
664 187
664 190
664 207
664 222
664 244
664 396
664 452
664 474
664 511
664 769
664 778
665 1
665 87
665 163
665 194
665 210
665 221
665 272
665 317
665 335
665 639
665 766
665 871
665 893
665 992
666 184
666 190
666 194
666 202
666 293
666 308
666 315
666 690
666 906
666 923
667 14
667 46
667 131
667 245
667 317
667 351
667 397
667 512
667 542
667 580
667 809
667 858
667 912
667 952
667 979
667 994
668 21
668 88
668 202
668 366
668 376
668 408
668 577
668 783
668 828
668 857
668 902
668 959
669 3
669 108
669 152
669 188
669 269
669 308
669 313
669 384
669 410
669 482
669 523
669 538
669 595
669 681
669 712
669 718
670 277
670 523
670 626
670 638
670 677
670 852
671 60
671 86
671 191
671 308
671 318
671 433
671 619
671 691
672 78
672 108
672 186
672 215
672 376
672 425
672 452
672 621
672 720
673 69
673 170
673 425
673 478
673 577
673 619
673 630
673 646
673 663
674 43
674 110
674 162
674 197
674 279
674 308
674 408
674 676
674 909
674 923
674 959
675 43
675 162
675 186
675 187
675 235
675 338
675 456
675 614
675 653
675 718
675 824
675 833
675 905
675 987
676 132
676 335
676 364
676 390
676 492
676 524
676 565
676 617
676 768
676 912
676 963
677 116
677 132
677 181
677 205
677 594
677 778
677 792
677 901
678 26
678 110
678 111
678 115
678 187
678 268
678 329
678 390
678 426
678 514
678 565
678 593
678 847
678 878
678 935
679 49
679 115
679 121
679 141
679 175
679 364
679 396
679 436
679 482
679 577
679 616
679 637
679 731
679 778
679 846
679 872
680 43
680 139
680 449
680 604
680 640
680 675
680 776
680 886
681 5
681 110
681 266
681 344
681 593
681 735
681 893
681 978
682 250
682 308
682 390
682 518
682 555
682 779
682 792
682 964
682 970
683 113
683 315
683 558
683 567
683 892
683 967
684 1
684 35
684 48
684 161
684 190
684 210
684 327
684 704
684 755
684 778
684 851
685 5
685 178
685 210
685 323
685 593
685 636
685 680
685 691
685 751
685 774
685 793
685 967
686 162
686 172
686 194
686 318
686 348
686 364
686 428
686 485
686 578
686 653
686 704
686 742
686 749
686 752
686 825
686 887
686 936
687 20
687 30
687 91
687 128
687 152
687 400
687 686
687 726
687 776
687 844
688 18
688 37
688 670
688 828
688 951
689 132
689 277
689 413
689 589
689 847
690 132
690 402
690 589
690 733
690 816
691 57
691 136
691 258
691 399
691 552
691 932
691 946
692 44
692 139
692 247
692 318
692 335
692 422
692 437
692 448
692 489
692 549
692 654
692 725
692 977
692 985
693 43
693 111
693 326
693 478
693 595
693 749
693 830
693 868
693 912
693 946
694 96
694 121
694 195
694 245
694 321
694 443
694 472
694 584
695 38
695 248
695 275
695 416
695 473
695 490
695 497
695 531
695 587
695 619
695 756
695 898
696 18
696 56
696 215
696 409
696 544
696 589
696 733
697 0
697 230
697 331
697 376
697 482
697 523
697 587
697 601
697 744
697 852
698 194
698 319
698 376
698 408
698 563
698 653
698 829
698 846
698 925
699 178
699 210
699 238
699 239
699 334
699 449
699 709
699 751
699 764
699 822
699 895
700 152
700 172
700 394
700 478
700 587
700 657
700 733
700 772
700 805
700 829
700 867
700 886
700 909
700 959
701 63
701 108
701 132
701 163
701 261
701 378
701 403
701 420
701 739
701 932
701 946
702 1
702 20
702 48
702 161
702 196
702 218
702 230
702 322
702 351
702 443
702 478
702 526
702 659
702 764
702 821
702 883
703 178
703 376
703 442
703 542
703 577
703 601
703 789
703 833
704 115
704 194
704 279
704 376
704 425
704 470
704 593
704 747
705 11
705 21
705 101
705 186
705 187
705 215
705 234
705 235
705 396
705 443
705 478
705 523
705 603
705 656
705 743
705 786
705 831
706 16
706 86
706 98
706 313
706 331
706 422
706 425
706 610
706 615
706 635
706 743
706 972
706 984
707 6
707 90
707 187
707 246
707 406
707 423
707 471
707 550
707 563
707 601
707 783
707 807
707 833
707 916
707 931
707 937
708 24
708 30
708 100
708 136
708 172
708 294
708 303
708 403
708 408
708 449
708 615
708 621
708 693
708 879
708 898
709 7
709 78
709 154
709 386
709 431
709 474
709 492
709 635
709 875
710 78
710 430
710 500
710 615
710 766
711 86
711 401
711 422
711 426
711 452
711 498
711 552
711 615
711 822
712 44
712 84
712 187
712 192
712 194
712 277
712 308
712 395
712 545
712 589
712 741
712 802
712 816
712 859
713 103
713 118
713 160
713 162
713 244
713 318
713 321
713 452
713 460
713 662
713 742
713 842
713 912
714 49
714 74
714 136
714 234
714 258
714 261
714 349
714 389
714 425
714 626
714 676
714 709
714 725
714 756
714 971
715 210
715 389
715 809
716 189
716 239
716 261
716 375
716 430
716 544
716 617
716 618
716 881
716 909
717 116
717 185
717 236
717 419
717 521
717 524
717 577
717 591
717 593
717 619
717 645
717 722
717 751
717 756
717 768
717 850
717 879
717 985
718 48
718 141
718 190
718 203
718 281
718 308
718 327
718 387
718 433
718 512
718 664
718 672
718 720
718 776
718 797
718 877
719 83
719 85
719 185
719 219
719 349
719 737
719 852
719 971
720 85
720 455
720 465
720 482
720 602
720 701
720 748
720 997
721 21
721 117
721 140
721 239
721 595
721 667
721 801
721 891
721 972
722 67
722 113
722 376
722 395
722 427
722 526
722 562
722 766
722 946
722 992
723 152
723 202
723 313
723 327
723 336
723 478
723 482
723 735
723 847
723 852
724 6
724 14
724 138
724 218
724 270
724 457
724 477
724 542
724 805
724 826
725 72
725 339
725 359
725 492
725 600
725 715
725 742
725 822
725 850
725 920
726 138
726 324
726 612
726 666
726 844
727 60
727 138
727 308
727 662
727 822
728 76
728 172
728 200
728 250
728 313
728 324
728 349
728 443
728 445
728 559
728 595
728 668
728 704
728 709
728 741
728 923
728 925
729 387
729 413
729 923
729 984
729 993
730 113
730 144
730 154
730 366
730 474
730 691
730 742
730 919
731 24
731 34
731 67
731 118
731 140
731 178
731 261
731 274
731 393
731 478
731 502
731 893
732 34
732 56
732 111
732 328
732 445
732 489
732 542
732 613
732 721
732 810
732 828
733 270
733 457
733 562
733 802
733 846
734 42
734 186
734 220
734 267
734 448
735 14
735 123
735 170
735 178
735 242
735 275
735 318
735 329
735 349
735 614
735 662
735 803
735 830
735 922
735 928
736 134
736 358
736 420
736 455
736 479
736 522
736 544
736 557
736 677
736 692
736 795
737 12
737 102
737 131
737 134
737 141
737 261
737 318
737 345
737 386
737 479
737 644
737 717
737 718
738 41
738 160
738 207
738 331
738 368
738 408
738 425
738 448
738 589
738 641
738 778
738 958
739 1
739 262
739 615
739 744
739 916
739 979
739 988
740 5
740 26
740 221
740 293
740 295
740 554
740 601
740 659
740 677
740 735
740 739
740 958
741 24
741 102
741 117
741 155
741 219
741 250
741 443
741 614
741 739
741 823
741 827
741 882
741 941
742 108
742 323
742 941
742 959
742 987
743 48
743 384
743 574
743 615
743 677
744 99
744 128
744 227
744 261
744 380
744 492
744 507
744 586
744 619
744 676
744 813
744 918
745 117
745 140
745 595
745 797
745 801
746 831
746 889
746 912
746 980
747 28
747 73
747 111
747 188
747 194
747 210
747 301
747 396
747 492
747 554
747 706
747 806
747 829
748 18
748 113
748 144
748 162
748 187
748 245
748 258
748 313
748 390
748 416
748 457
748 567
748 588
748 601
748 632
748 672
748 886
748 919
748 941
748 987
749 74
749 170
749 194
749 246
749 323
749 328
749 345
749 376
749 507
749 527
749 559
749 593
749 704
749 863
750 34
750 122
750 162
750 187
750 221
750 236
750 308
750 344
750 406
750 500
750 566
750 596
750 599
750 654
750 741
750 773
750 831
750 860
750 879
750 909
750 997
751 39
751 308
751 331
751 345
751 419
751 485
751 879
752 56
752 72
752 86
752 186
752 292
752 328
752 423
752 478
752 544
752 623
752 709
752 822
753 19
753 39
753 72
753 203
753 270
753 523
753 671
753 724
753 743
753 862
754 81
754 112
754 408
754 542
754 552
754 563
754 615
754 769
754 857
754 966
755 140
755 408
755 490
755 552
755 737
755 751
755 815
755 932
756 194
756 241
756 406
756 549
756 614
756 724
756 792
756 833
756 931
757 14
757 15
757 229
757 406
757 437
757 492
757 797
757 831
757 874
758 23
758 28
758 129
758 185
758 323
758 489
758 543
758 653
758 664
758 686
758 889
758 920
759 86
759 108
759 293
759 321
759 421
759 470
759 532
759 735
759 747
759 748
759 764
759 783
759 860
760 2
760 14
760 104
760 162
760 308
760 349
760 401
760 451
760 514
760 566
760 593
760 861
760 984
761 67
761 132
761 162
761 246
761 492
761 571
761 595
761 758
761 912
762 48
762 63
762 67
762 111
762 115
762 335
762 406
762 479
762 526
762 659
762 862
762 878
762 893
762 946
763 18
763 186
763 195
763 240
763 265
763 310
763 318
763 408
763 431
763 766
763 769
763 798
764 6
764 42
764 90
764 154
764 308
764 344
764 345
764 395
764 610
764 692
764 857
764 886
765 34
765 417
765 455
765 542
765 612
765 617
765 626
765 674
765 737
765 739
765 748
765 802
765 822
765 926
766 48
766 162
766 203
766 210
766 329
766 351
766 370
766 408
766 473
766 595
766 616
766 732
766 829
766 852
767 108
767 189
767 351
767 539
767 666
767 717
767 903
768 10
768 26
768 141
768 178
768 221
768 239
768 308
768 396
768 618
768 932
769 18
769 63
769 125
769 220
769 335
769 448
769 562
769 667
769 829
769 879
769 979
770 0
770 132
770 170
770 230
770 376
770 587
770 776
770 805
770 827
770 852
770 905
771 229
771 265
771 329
771 406
771 425
771 437
771 452
771 709
771 959
772 10
772 24
772 302
772 366
772 400
772 560
772 664
772 741
772 748
772 825
772 895
773 56
773 139
773 210
773 254
773 414
773 539
773 811
773 917
774 49
774 188
774 318
774 623
774 723
774 809
774 830
774 848
774 944
774 945
775 103
775 118
775 186
775 194
775 215
775 230
775 351
775 388
775 400
775 408
775 425
775 543
775 564
775 589
775 641
775 733
775 736
775 788
775 869
775 931
776 93
776 218
776 268
776 326
776 376
776 614
776 633
776 773
776 954
777 187
777 204
777 218
777 349
777 379
777 421
777 425
777 585
777 628
777 657
777 680
777 702
777 725
777 762
777 915
778 6
778 97
778 195
778 301
778 382
778 433
778 448
778 761
778 925
779 190
779 307
779 396
779 654
779 686
779 741
779 742
779 889
779 917
780 285
780 319
780 394
781 325
781 351
781 380
781 437
781 586
781 742
781 822
781 918
782 18
782 99
782 168
782 277
782 496
782 523
782 664
782 809
783 39
783 116
783 181
783 288
783 308
783 562
783 853
783 931
784 141
784 249
784 359
784 396
784 428
784 618
784 855
785 86
785 308
785 349
785 445
785 526
785 577
785 656
785 739
785 810
785 922
785 931
786 199
786 482
786 589
786 620
786 683
786 741
787 218
787 286
787 395
787 403
787 408
787 443
787 593
787 601
787 945
788 142
788 258
788 377
788 554
788 852
789 56
789 99
789 221
789 455
789 459
789 460
789 478
789 533
789 595
789 746
789 883
789 981
790 56
790 139
790 210
790 254
790 338
790 414
790 589
790 666
790 749
790 852
790 915
790 917
791 74
791 252
791 293
791 507
791 614
791 626
791 879
792 18
792 170
792 185
792 187
792 331
792 443
792 487
792 886
793 344
793 544
793 577
793 683
793 690
793 737
793 922
793 966
793 993
794 46
794 322
794 400
794 545
794 792
794 829
794 883
795 14
795 186
795 214
795 724
795 826
795 833
795 923
795 932
796 179
796 232
796 304
796 595
796 626
796 687
796 831
796 951
797 76
797 220
797 338
797 502
797 595
797 606
797 751
797 755
797 806
797 915
797 959
798 18
798 108
798 261
798 349
798 472
798 550
798 741
798 764
798 868
799 192
799 242
799 318
799 400
799 664
799 829
799 979
800 148
800 472
800 704
800 739
800 769
800 774
800 918
801 136
801 230
801 384
801 421
801 438
801 457
801 523
801 599
801 617
801 621
801 634
801 680
801 881
801 898
802 30
802 48
802 175
802 232
802 446
802 521
802 612
802 654
802 886
802 980
803 170
803 187
803 664
803 781
803 886
804 138
804 220
804 308
804 408
804 438
804 443
804 675
804 709
804 742
804 801
804 822
804 972
805 49
805 136
805 200
805 258
805 399
805 431
805 440
805 552
805 620
805 720
805 807
805 854
805 861
805 862
805 867
805 905
805 932
806 72
806 240
806 460
806 526
806 599
806 646
806 662
806 699
806 920
807 16
807 24
807 63
807 110
807 207
807 501
807 549
807 831
808 68
808 141
808 186
808 315
808 321
808 335
808 492
808 595
808 659
808 737
808 794
808 799
808 867
808 917
808 981
809 32
809 33
809 115
809 186
809 220
809 351
809 578
809 588
809 668
809 766
809 889
809 891
809 923
809 934
810 108
810 242
810 322
810 331
810 593
810 631
810 641
810 712
810 945
811 8
811 191
811 198
811 267
811 408
811 487
811 593
811 854
812 18
812 51
812 261
812 390
812 424
812 458
812 507
812 588
812 639
812 770
812 862
812 886
813 48
813 117
813 143
813 315
813 370
813 428
813 438
813 595
813 680
813 715
813 801
814 170
814 233
814 273
814 277
814 351
814 521
814 662
814 812
814 819
814 844
814 946
814 980
815 123
815 124
815 172
815 577
815 662
815 683
815 756
816 182
816 390
816 536
816 605
816 633
816 691
816 704
817 34
817 87
817 219
817 395
817 523
817 532
817 593
817 658
817 663
817 682
817 709
817 720
817 879
818 18
818 99
818 110
818 175
818 185
818 187
818 221
818 233
818 244
818 475
818 653
818 751
818 774
818 934
818 941
819 67
819 182
819 262
819 411
819 426
819 473
819 506
819 659
819 746
819 808
819 822
819 934
820 32
820 170
820 172
820 259
820 290
820 474
820 478
820 521
820 558
820 611
820 709
820 742
820 766
820 783
820 792
820 812
820 850
820 858
821 170
821 242
821 275
821 356
821 406
821 428
821 589
821 615
821 649
821 711
821 749
821 814
821 878
821 916
822 67
822 339
822 498
822 521
822 861
822 981
822 992
823 26
823 72
823 94
823 162
823 221
823 300
823 319
823 527
823 620
823 679
823 819
824 394
824 553
824 709
824 979
825 33
825 72
825 141
825 163
825 215
825 275
825 351
825 401
825 431
825 443
825 446
825 513
825 531
825 587
825 653
825 664
825 724
825 737
825 799
825 827
825 846
825 898
825 915
825 951
825 979
826 184
826 215
826 247
826 258
826 507
826 550
826 608
826 852
826 938
827 129
827 194
827 400
827 564
827 824
827 946
828 111
828 182
828 308
828 615
828 702
829 67
829 108
829 163
829 185
829 186
829 346
829 782
829 829
829 891
829 987
830 86
830 190
830 313
830 321
830 429
830 448
830 478
830 507
830 720
830 737
830 751
830 842
830 944
831 10
831 194
831 260
831 287
831 497
831 500
831 612
831 670
831 680
831 686
831 816
831 925
831 937
831 959
832 63
832 108
832 132
832 138
832 261
832 263
832 298
832 378
832 403
832 477
832 917
832 932
833 116
833 196
833 357
833 475
833 607
833 615
833 653
833 654
833 697
833 709
833 959
834 154
834 186
834 389
834 479
834 589
834 750
834 801
834 828
834 854
834 912
835 6
835 160
835 184
835 188
835 190
835 191
835 261
835 313
835 331
835 579
835 620
835 826
835 880
836 3
836 8
836 67
836 178
836 479
836 808
837 31
837 288
837 500
837 527
837 577
837 747
838 39
838 78
838 108
838 494
838 504
838 587
838 624
838 737
838 878
838 891
838 920
838 945
839 77
839 239
839 423
839 562
840 86
840 124
840 162
840 568
840 690
840 737
840 740
840 852
840 920
841 308
841 315
841 549
841 709
841 827
841 919
841 932
842 446
842 726
842 831
843 34
843 140
843 190
843 321
843 408
843 419
843 474
843 558
843 988
844 42
844 108
844 170
844 199
844 239
844 319
844 321
844 352
844 455
844 607
844 616
844 709
844 718
844 733
844 770
845 24
845 90
845 202
845 239
845 281
845 308
845 408
845 471
845 494
845 523
845 601
845 824
846 706
846 725
846 889
846 946
847 145
847 186
847 304
847 543
847 846
847 948
848 41
848 60
848 91
848 142
848 309
848 390
848 614
848 635
848 645
848 783
848 790
848 846
848 850
848 970
848 984
849 100
849 317
849 568
849 667
849 778
849 981
850 210
850 514
850 550
850 701
851 210
851 319
851 426
851 452
851 656
851 664
851 846
851 893
851 945
851 959
851 992
852 30
852 355
852 617
852 664
852 690
853 234
853 239
853 269
853 321
853 395
853 423
853 582
853 662
853 741
853 900
853 984
854 67
854 181
854 628
854 979
855 18
855 31
855 114
855 250
855 324
855 375
855 550
855 617
855 622
856 14
856 266
856 277
856 545
856 632
856 757
856 848
856 910
856 934
856 945
857 57
857 85
857 108
857 290
857 478
857 576
857 616
857 649
857 906
857 959
858 14
858 154
858 305
858 366
858 409
858 550
858 566
858 601
858 639
858 664
858 669
858 734
858 917
859 123
859 190
859 230
859 430
859 448
859 704
859 774
859 799
859 946
860 218
860 322
860 470
860 514
860 545
860 701
860 709
860 746
860 875
861 108
861 195
861 376
862 94
862 167
862 179
862 190
862 308
862 342
862 436
862 462
862 593
862 599
862 630
862 656
862 692
862 709
862 917
862 959
863 347
863 401
863 406
863 422
863 552
863 595
863 636
863 643
863 649
863 820
864 1
864 170
864 313
864 349
864 368
864 599
864 605
864 662
864 668
864 704
864 717
864 744
864 813
864 822
864 846
864 850
864 870
865 268
865 322
865 443
865 458
865 504
865 531
865 592
865 768
865 802
866 16
866 84
866 99
866 186
866 321
866 423
866 577
866 582
866 597
866 607
866 720
866 730
866 748
866 754
866 873
866 875
866 900
866 958
866 978
867 6
867 26
867 202
867 274
867 427
867 448
867 513
867 595
867 779
867 846
867 850
867 917
867 923
868 20
868 86
868 132
868 229
868 230
868 277
868 335
868 351
868 441
868 544
868 817
868 869
869 42
869 324
869 470
869 492
869 826
869 878
869 880
870 21
870 366
870 659
870 827
870 862
870 867
870 914
870 973
871 14
871 32
871 141
871 241
871 261
871 319
871 426
871 458
871 478
871 485
871 582
871 595
871 605
871 615
871 663
871 828
871 858
872 18
872 194
872 252
872 400
872 567
872 615
872 619
872 692
872 796
872 827
872 831
872 850
872 857
873 39
873 60
873 423
873 437
873 677
873 751
873 861
874 180
874 253
874 518
874 525
874 665
874 749
874 795
874 843
875 90
875 170
875 202
875 239
875 281
875 314
875 366
875 400
875 408
875 419
875 512
875 523
875 601
875 622
875 917
876 141
876 146
876 182
876 351
876 390
876 536
876 605
876 633
876 691
876 704
876 737
877 10
877 161
877 196
877 305
877 358
877 406
877 408
877 458
877 470
877 545
877 603
877 641
877 702
877 756
877 896
877 989
878 37
878 170
878 308
878 313
878 427
878 815
879 152
879 195
879 203
879 301
879 614
879 620
879 656
879 720
879 915
879 931
880 431
880 504
880 526
880 601
880 709
881 26
881 43
881 239
881 349
881 778
881 812
881 914
882 20
882 74
882 170
882 376
882 409
882 431
882 514
882 559
882 649
882 704
882 854
883 15
883 32
883 57
883 72
883 305
883 321
883 783
884 232
884 365
884 524
884 659
884 709
884 898
885 34
885 202
885 349
885 395
885 409
885 419
885 778
885 844
886 18
886 56
886 60
886 166
886 172
886 210
886 261
886 555
886 622
886 692
886 866
886 893
886 939
886 992
887 110
887 192
887 329
887 334
887 495
887 507
887 595
887 654
887 657
887 688
887 690
887 788
887 852
887 861
887 894
887 952
888 28
888 108
888 154
888 321
888 524
888 621
888 663
888 822
888 963
889 5
889 121
889 141
889 221
889 239
889 378
889 645
889 688
889 699
889 750
889 824
890 595
890 605
890 915
891 2
891 26
891 43
891 194
891 406
891 408
891 566
891 602
891 739
891 869
891 899
892 5
892 186
892 473
892 504
892 587
892 595
892 711
892 803
892 932
892 979
893 14
893 15
893 102
893 117
893 288
893 307
893 308
893 359
893 448
893 620
893 625
893 703
893 774
893 802
893 853
894 102
894 135
894 448
894 478
894 504
894 709
894 959
895 93
895 108
895 186
895 202
895 248
895 275
895 441
895 490
895 724
895 821
895 826
895 875
895 946
895 952
896 186
896 277
896 376
896 648
896 653
896 733
896 749
896 822
897 102
897 155
897 589
897 614
897 640
897 733
897 747
897 827
898 30
898 67
898 186
898 308
898 321
898 336
898 413
898 438
898 533
898 539
898 805
898 851
898 857
898 858
898 875
898 973
899 18
899 110
899 241
899 562
899 690
900 6
900 28
900 187
900 301
900 315
900 412
900 587
900 680
900 737
900 741
901 49
901 90
901 240
901 329
901 472
901 609
901 645
901 692
901 916
902 19
902 293
902 396
902 406
902 408
902 507
902 579
902 602
902 653
902 671
902 837
902 878
902 947
903 74
903 140
903 226
903 234
903 321
903 433
903 524
903 585
903 615
903 623
903 676
903 709
903 772
904 241
904 275
904 277
904 321
904 324
904 390
904 395
904 419
904 427
904 524
904 916
905 91
905 322
905 351
905 402
905 516
905 607
905 751
905 850
905 914
905 938
906 91
906 170
906 721
906 829
906 992
907 102
907 207
907 297
907 363
907 364
907 419
907 430
907 445
907 507
907 524
907 595
907 826
907 959
908 77
908 82
908 98
908 115
908 240
908 302
908 319
908 335
908 344
908 364
908 632
908 662
909 67
909 219
909 305
909 307
909 449
909 496
909 542
909 567
909 589
909 615
909 712
909 733
909 741
909 792
909 852
909 898
909 915
910 2
910 102
910 141
910 159
910 187
910 261
910 402
910 532
910 667
910 737
910 862
910 898
910 974
911 248
911 298
911 376
911 561
911 574
911 672
911 858
911 908
911 945
911 992
912 28
912 136
912 593
913 44
913 67
913 141
913 159
913 288
913 550
913 577
914 12
914 87
914 108
914 199
914 313
914 370
914 492
914 597
914 628
914 725
914 737
914 994
915 24
915 32
915 186
915 292
915 417
915 425
915 429
915 471
915 550
915 558
915 600
915 653
915 790
915 797
915 805
916 18
916 67
916 118
916 321
916 365
916 465
916 636
916 704
916 774
916 806
916 822
917 187
917 279
917 321
917 339
917 431
917 545
917 822
917 990
918 334
918 345
918 504
918 559
918 869
919 166
919 185
919 269
919 277
919 406
919 461
919 550
919 663
919 679
919 680
919 692
919 946
920 161
920 178
920 242
920 323
920 329
920 394
920 554
920 662
920 879
920 928
920 959
920 964
921 308
921 345
921 505
921 523
921 542
921 653
921 657
921 663
921 783
921 851
922 99
922 221
922 396
922 455
922 460
922 478
922 494
922 533
922 869
922 883
922 992
923 187
923 204
923 585
923 702
923 915
924 43
924 72
924 100
924 117
924 353
924 566
924 624
924 628
924 751
924 783
924 824
924 892
924 944
924 980
925 375
925 571
925 970
926 60
926 119
926 180
926 345
926 741
926 915
927 43
927 111
927 544
927 545
927 554
927 595
927 749
927 868
927 874
928 14
928 69
928 161
928 283
928 388
928 396
928 416
928 523
928 593
928 678
928 739
928 800
928 898
928 939
929 246
929 273
929 357
929 593
929 725
929 768
929 773
929 898
930 5
930 83
930 186
930 349
930 375
930 406
930 443
930 504
930 880
930 932
931 14
931 76
931 179
931 218
931 308
931 342
931 438
931 446
931 462
931 544
931 575
931 599
931 709
931 828
931 874
931 889
931 932
932 43
932 76
932 90
932 184
932 185
932 186
932 215
932 318
932 331
932 338
932 456
932 513
932 601
932 614
932 739
932 896
932 905
933 45
933 60
933 86
933 261
933 408
933 435
933 474
933 504
933 558
933 612
933 632
933 686
933 725
933 739
933 966
934 32
934 42
934 90
934 103
934 147
934 692
934 857
934 886
934 948
934 992
935 117
935 967
936 56
936 322
936 349
936 523
936 565
936 656
936 657
936 992
937 138
937 220
937 408
937 443
937 742
937 801
937 972
938 60
938 275
938 423
938 437
938 794
938 916
939 86
939 136
939 279
939 545
939 597
939 834
939 946
940 14
940 63
940 248
940 326
940 403
940 464
940 542
940 623
940 667
940 680
940 768
940 783
940 846
940 963
941 46
941 210
941 267
941 409
941 479
941 501
941 567
941 724
941 821
942 46
942 152
942 523
942 900
943 14
943 43
943 143
943 197
943 279
943 308
943 338
943 491
943 802
943 891
943 928
943 959
944 44
944 108
944 318
944 403
944 422
944 957
944 992
945 108
945 185
945 316
945 427
945 457
945 589
945 735
946 14
946 111
946 140
946 249
946 328
946 720
946 856
946 889
947 24
947 39
947 48
947 60
947 100
947 162
947 194
947 215
947 229
947 245
947 286
947 345
947 385
947 424
947 601
947 868
948 19
948 720
948 979
949 2
949 42
949 192
949 308
949 309
949 459
949 498
949 614
949 869
949 916
949 964
950 5
950 48
950 86
950 187
950 222
950 254
950 258
950 420
950 731
950 857
950 901
950 919
950 941
950 952
951 129
951 276
951 301
951 310
951 446
951 489
951 551
951 612
951 664
951 685
951 709
951 730
951 853
951 889
951 920
951 959
952 131
952 170
952 186
952 270
952 376
952 524
952 578
952 632
952 644
952 645
952 650
952 717
952 718
952 724
952 910
953 6
953 108
953 117
953 154
953 229
953 403
953 414
953 755
953 821
953 837
954 49
954 56
954 204
954 229
954 344
954 376
954 406
954 409
954 492
954 583
954 653
954 792
955 102
955 118
955 162
955 240
955 308
955 395
955 447
955 566
956 108
956 265
956 773
956 920
956 945
957 76
957 110
957 254
957 408
957 419
957 438
957 576
957 587
957 672
957 704
957 738
957 746
957 807
957 808
957 959
957 991
958 107
958 190
958 253
958 318
958 322
958 324
958 330
958 351
958 376
958 419
958 521
958 653
958 690
958 741
958 746
958 779
958 851
958 977
959 776
959 791
959 866
959 881
959 898
960 37
960 78
960 81
960 98
960 389
960 445
960 513
960 859
960 886
961 63
961 111
961 136
961 183
961 414
961 492
961 527
961 562
961 798
961 807
962 56
962 209
962 322
962 349
962 523
962 565
962 656
962 657
962 992
963 2
963 67
963 141
963 422
963 440
963 628
964 23
964 41
964 81
964 143
964 258
964 265
964 349
964 350
964 390
964 478
964 485
964 563
964 577
964 617
964 679
964 694
964 723
964 791
964 878
964 889
965 204
965 221
965 330
965 376
965 390
965 449
965 521
965 524
965 577
965 751
966 8
966 345
966 356
966 485
966 608
966 656
966 719
966 874
966 889
966 901
967 191
967 194
967 210
967 431
967 478
967 649
967 701
967 827
967 833
967 842
967 945
968 21
968 111
968 161
968 163
968 478
968 523
968 583
968 608
968 641
968 652
968 703
968 742
968 744
968 778
968 781
968 783
968 879
968 912
968 967
969 15
969 162
969 473
969 532
969 624
969 671
969 680
969 721
969 850
970 172
970 307
970 321
970 474
970 593
970 649
970 746
970 815
970 944
971 419
971 512
971 552
971 605
971 612
971 824
971 828
972 33
972 110
972 113
972 199
972 218
972 428
972 593
972 635
972 748
972 826
973 20
973 186
973 247
973 310
973 348
973 388
973 489
973 507
973 577
973 621
973 681
973 967
974 0
974 102
974 186
974 195
974 254
974 501
974 563
974 919
974 925
975 21
975 23
975 86
975 185
975 189
975 205
975 322
975 557
975 577
976 111
976 195
976 321
976 328
976 376
976 576
976 645
976 648
976 737
976 739
976 773
976 802
976 923
976 967
977 108
977 170
977 172
977 183
977 265
977 271
977 290
977 389
977 422
977 478
977 558
977 741
977 742
977 766
977 850
978 61
978 250
978 308
978 319
978 331
978 446
978 479
978 567
978 593
978 600
978 951
978 978
979 270
979 335
979 668
979 728
979 821
979 829
979 967
980 2
980 89
980 250
980 323
980 427
980 490
980 497
980 599
980 842
980 881
981 86
981 149
981 310
981 429
981 526
981 584
981 654
981 746
981 930
981 944
982 263
982 406
982 473
982 787
982 987
983 21
983 73
983 86
983 163
983 170
983 358
983 408
983 663
983 704
983 733
983 775
983 783
984 292
984 366
984 569
984 598
984 641
984 718
984 750
984 833
984 932
984 941
985 6
985 375
985 399
985 485
985 609
985 616
985 668
985 739
986 155
986 315
986 321
986 408
986 507
986 515
986 558
986 707
986 780
986 783
986 852
